use ReLU model
Network prediction: tensor([[ -2.1788,  -4.8912,  -0.2099,   0.3329,  -6.5422,  -1.6018, -11.8794,
           9.7545,  -2.4076,  -1.1615]], device='cuda:0',
       grad_fn=<AddmmBackward0>)
Verifiying Pertubation - 0.028
CROWN pre-activation
CROWN pre-activation
using CROWN
result from CROWN is: tensor([[-3.6849,  1.3470, -4.6224, -6.1797,  3.1863, -4.6148,  3.5089, -5.8204,
         -4.2707]], device='cuda:0', grad_fn=<AddBackward0>)
using alpha-CROWN
result from alpha CROWN is: tensor([[-2.7275,  1.9696, -3.9074, -5.6776,  4.4663, -3.8401,  4.5039, -4.7792,
         -2.5932]], device='cuda:0', grad_fn=<MaximumBackward0>)
using alpha-beta-CROWN
size of unstable nuerons: 114

instance 0 is not verified with lb tensor([-2.7275], device='cuda:0', grad_fn=<SelectBackward0>) and C tensor([[[-1.,  0.,  0.,  0.,  0.,  0.,  0.,  1.,  0.,  0.]]], device='cuda:0')

Bab round 1
batch: 1
split depth step: 7
split depth total: 7
when spliting:
lower_A torch.Size([1, 128, 784])
lower_sum_b torch.Size([1, 128])
upper_A torch.Size([1, 128, 784])
upper_sum_b torch.Size([1, 128])
final_para_lower_A torch.Size([1, 1, 784])
final_para_lower_sum_b torch.Size([1, 1])
final_para_upper_A torch.Size([1, 1, 784])
final_para_upper_sum_b torch.Size([1, 1])
original bound: tensor([[-2.7275]], device='cuda:0')
babsr lower score: tensor([[[0.0000e+00, 1.1038e-01, 1.1822e-02, 0.0000e+00, 1.7934e-02,
          0.0000e+00, 4.8364e-02, 0.0000e+00, 0.0000e+00, 2.7608e-01,
          0.0000e+00, 0.0000e+00, 4.0271e-05, 1.8277e-02, 0.0000e+00,
          0.0000e+00, 0.0000e+00, 0.0000e+00, 4.8502e-02, 0.0000e+00,
          2.0161e-02, 1.0011e-03, 0.0000e+00, 3.9133e-02, 0.0000e+00,
          3.0687e-02, 1.3081e-01, 5.5370e-03, 9.8433e-02, 2.0008e-01,
          0.0000e+00, 1.0590e-01, 0.0000e+00, 0.0000e+00, 0.0000e+00,
          9.8627e-03, 7.4878e-03, 0.0000e+00, 0.0000e+00, 0.0000e+00,
          1.2863e-03, 0.0000e+00, 0.0000e+00, 0.0000e+00, 8.6335e-03,
          1.0966e-01, 0.0000e+00, 5.4787e-02, 2.6476e-02, 0.0000e+00,
          3.3137e-02, 0.0000e+00, 0.0000e+00, 0.0000e+00, 1.2431e-01,
          0.0000e+00, 0.0000e+00, 1.0551e-01, 0.0000e+00, 0.0000e+00,
          1.4513e-02, 0.0000e+00, 0.0000e+00, 0.0000e+00, 0.0000e+00,
          6.3734e-02, 0.0000e+00, 0.0000e+00, 0.0000e+00, 0.0000e+00,
          2.9338e-03, 0.0000e+00, 0.0000e+00, 7.7969e-03, 0.0000e+00,
          0.0000e+00, 1.9768e-02, 0.0000e+00, 0.0000e+00, 7.5830e-03,
          0.0000e+00, 0.0000e+00, 1.5704e-01, 1.0914e-02, 0.0000e+00,
          0.0000e+00, 0.0000e+00, 1.0552e-02, 1.7261e-01, 0.0000e+00,
          3.0134e-02, 0.0000e+00, 2.0624e-02, 0.0000e+00, 8.2591e-02,
          8.8542e-02, 0.0000e+00, 3.3985e-02, 5.1154e-02, 0.0000e+00,
          2.6385e-01, 0.0000e+00, 6.2345e-02, 0.0000e+00, 0.0000e+00,
          0.0000e+00, 0.0000e+00, 0.0000e+00, 8.3279e-03, 0.0000e+00,
          2.5724e-01, 0.0000e+00, 0.0000e+00, 2.0878e-02, 1.3818e-01,
          4.3043e-02, 1.9165e-01, 7.2666e-02, 6.4419e-03, 0.0000e+00,
          7.0965e-03, 0.0000e+00, 0.0000e+00, 0.0000e+00, 8.4857e-02,
          6.3127e-02, 0.0000e+00, 0.0000e+00]]], device='cuda:0',
       grad_fn=<WhereBackward0>)
babsr upper score: tensor([[[0.0110, 0.0000, 0.0000, 0.0000, 0.0189, 0.0000, 0.0000, 0.0000,
          0.0241, 0.2932, 0.0000, 0.0049, 0.0000, 0.0000, 0.0000, 0.0000,
          0.0000, 0.0000, 0.0425, 0.0000, 0.0000, 0.0000, 0.0248, 0.0000,
          0.0000, 0.0000, 0.1269, 0.0000, 0.0947, 0.2182, 0.0032, 0.0819,
          0.0000, 0.0000, 0.0000, 0.0090, 0.0000, 0.0000, 0.0000, 0.0000,
          0.0000, 0.0035, 0.0000, 0.0000, 0.0000, 0.0958, 0.0000, 0.0501,
          0.0167, 0.0000, 0.0000, 0.0000, 0.0025, 0.0540, 0.1082, 0.0000,
          0.0000, 0.0938, 0.0000, 0.0000, 0.0000, 0.0000, 0.0000, 0.0326,
          0.0000, 0.0657, 0.0000, 0.0000, 0.0000, 0.0000, 0.0000, 0.0007,
          0.0000, 0.0000, 0.0000, 0.0116, 0.0255, 0.0000, 0.0000, 0.0065,
          0.0000, 0.0000, 0.1749, 0.0000, 0.0000, 0.0096, 0.0000, 0.0000,
          0.1691, 0.0000, 0.0272, 0.0000, 0.0209, 0.0000, 0.0403, 0.0873,
          0.0011, 0.0371, 0.0632, 0.0000, 0.2778, 0.0000, 0.0820, 0.0000,
          0.0000, 0.0067, 0.0011, 0.0000, 0.0000, 0.0000, 0.2293, 0.0000,
          0.0000, 0.0168, 0.0930, 0.0000, 0.2182, 0.0732, 0.0178, 0.0000,
          0.0065, 0.0217, 0.0000, 0.0000, 0.0859, 0.0579, 0.0000, 0.0000]]],
       device='cuda:0', grad_fn=<WhereBackward0>)
aaaaaaaaaaaaaaaaa: torch.Size([1, 1, 128]) torch.Size([1, 128])
bbbbbbbbbbbbbb torch.Size([1, 128])
when spliting:
lower_A torch.Size([1, 64, 784])
lower_sum_b torch.Size([1, 64])
upper_A torch.Size([1, 64, 784])
upper_sum_b torch.Size([1, 64])
final_para_lower_A torch.Size([1, 1, 784])
final_para_lower_sum_b torch.Size([1, 1])
final_para_upper_A torch.Size([1, 1, 784])
final_para_upper_sum_b torch.Size([1, 1])
original bound: tensor([[-2.7275]], device='cuda:0')
babsr lower score: tensor([[[0.0000, 0.0000, 0.0000, 0.4475, 0.0000, 0.3534, 0.0000, 0.0000,
          0.0000, 0.0000, 0.0330, 0.0000, 0.0000, 0.0000, 0.0467, 0.0557,
          0.1153, 0.0000, 0.0000, 0.0514, 0.0000, 0.0000, 0.5461, 0.2516,
          0.0000, 0.2841, 0.3143, 0.0000, 0.4160, 0.0000, 0.0154, 0.0000,
          0.0650, 0.0645, 0.0000, 0.0000, 0.0000, 0.0000, 0.0026, 0.1374,
          0.0053, 0.0000, 0.3789, 0.3672, 0.0000, 0.0156, 0.0000, 0.0000,
          0.0033, 0.0671, 0.2165, 0.0268, 0.0693, 0.0104, 0.0000, 0.1121,
          0.6205, 0.2176, 0.0000, 0.0000, 0.1161, 0.1303, 0.2950, 0.0240]]],
       device='cuda:0', grad_fn=<WhereBackward0>)
babsr upper score: tensor([[[0.0000, 0.0000, 0.0183, 0.4768, 0.0000, 0.3414, 0.0098, 0.0000,
          0.0000, 0.0091, 0.0334, 0.0050, 0.0000, 0.0000, 0.0422, 0.0589,
          0.1083, 0.0149, 0.0000, 0.0554, 0.0000, 0.0000, 0.5372, 0.2591,
          0.0000, 0.2697, 0.2832, 0.0000, 0.4257, 0.0133, 0.0000, 0.0000,
          0.0559, 0.0564, 0.0000, 0.0000, 0.0000, 0.0000, 0.0000, 0.1278,
          0.0000, 0.0078, 0.3505, 0.3739, 0.0000, 0.0178, 0.0000, 0.0000,
          0.0000, 0.0617, 0.2170, 0.0000, 0.0711, 0.0000, 0.0000, 0.1212,
          0.6219, 0.2133, 0.0500, 0.0000, 0.0974, 0.1246, 0.2636, 0.0000]]],
       device='cuda:0', grad_fn=<WhereBackward0>)
aaaaaaaaaaaaaaaaa: torch.Size([1, 1, 64]) torch.Size([1, 64])
bbbbbbbbbbbbbb torch.Size([1, 64])

instance 1 is verified with lb tensor([1.9696], device='cuda:0', grad_fn=<SelectBackward0>) and C tensor([[[ 0., -1.,  0.,  0.,  0.,  0.,  0.,  1.,  0.,  0.]]], device='cuda:0')

instance 2 is not verified with lb tensor([-3.9074], device='cuda:0', grad_fn=<SelectBackward0>) and C tensor([[[ 0.,  0., -1.,  0.,  0.,  0.,  0.,  1.,  0.,  0.]]], device='cuda:0')

Bab round 1
batch: 1
split depth step: 7
split depth total: 7
when spliting:
lower_A torch.Size([1, 128, 784])
lower_sum_b torch.Size([1, 128])
upper_A torch.Size([1, 128, 784])
upper_sum_b torch.Size([1, 128])
final_para_lower_A torch.Size([1, 1, 784])
final_para_lower_sum_b torch.Size([1, 1])
final_para_upper_A torch.Size([1, 1, 784])
final_para_upper_sum_b torch.Size([1, 1])
original bound: tensor([[-3.9074]], device='cuda:0')
babsr lower score: tensor([[[8.1620e-02, 9.2975e-02, 2.4980e-02, 0.0000e+00, 1.5701e-01,
          0.0000e+00, 2.8968e-02, 0.0000e+00, 0.0000e+00, 2.4002e-01,
          0.0000e+00, 1.4058e-04, 2.6305e-01, 1.7040e-02, 0.0000e+00,
          0.0000e+00, 0.0000e+00, 0.0000e+00, 5.9650e-02, 0.0000e+00,
          9.2523e-03, 1.2973e-02, 0.0000e+00, 5.7429e-02, 0.0000e+00,
          1.4313e-02, 5.9900e-02, 1.5412e-02, 1.5508e-01, 2.6903e-01,
          1.3652e-03, 2.4980e-02, 0.0000e+00, 0.0000e+00, 0.0000e+00,
          0.0000e+00, 1.2183e-03, 0.0000e+00, 0.0000e+00, 0.0000e+00,
          6.1691e-02, 0.0000e+00, 0.0000e+00, 0.0000e+00, 3.6454e-03,
          7.1993e-02, 0.0000e+00, 1.8437e-01, 6.6962e-02, 0.0000e+00,
          2.1637e-02, 0.0000e+00, 0.0000e+00, 0.0000e+00, 9.9153e-02,
          0.0000e+00, 0.0000e+00, 1.4290e-01, 0.0000e+00, 0.0000e+00,
          1.9077e-02, 0.0000e+00, 0.0000e+00, 0.0000e+00, 0.0000e+00,
          0.0000e+00, 0.0000e+00, 0.0000e+00, 0.0000e+00, 0.0000e+00,
          4.2148e-03, 1.9225e-02, 0.0000e+00, 4.0564e-03, 0.0000e+00,
          0.0000e+00, 1.8193e-02, 0.0000e+00, 0.0000e+00, 4.7193e-03,
          0.0000e+00, 0.0000e+00, 1.8536e-01, 2.4701e-02, 0.0000e+00,
          1.2796e-03, 0.0000e+00, 7.8015e-04, 2.4400e-01, 0.0000e+00,
          1.1283e-01, 0.0000e+00, 5.7662e-04, 0.0000e+00, 2.5570e-02,
          8.5788e-02, 0.0000e+00, 0.0000e+00, 6.4778e-02, 0.0000e+00,
          1.0198e-01, 0.0000e+00, 8.9664e-04, 0.0000e+00, 0.0000e+00,
          1.1919e-01, 0.0000e+00, 0.0000e+00, 1.2655e-02, 0.0000e+00,
          2.1205e-01, 0.0000e+00, 0.0000e+00, 3.0523e-02, 1.6429e-01,
          2.7411e-02, 1.9739e-01, 3.8680e-02, 7.6376e-03, 0.0000e+00,
          4.0781e-03, 0.0000e+00, 0.0000e+00, 0.0000e+00, 2.0183e-01,
          3.3497e-02, 0.0000e+00, 0.0000e+00]]], device='cuda:0',
       grad_fn=<WhereBackward0>)
babsr upper score: tensor([[[7.5348e-02, 0.0000e+00, 1.9546e-02, 0.0000e+00, 1.6521e-01,
          0.0000e+00, 0.0000e+00, 0.0000e+00, 3.6992e-02, 2.5493e-01,
          0.0000e+00, 8.3340e-05, 2.6333e-01, 0.0000e+00, 0.0000e+00,
          0.0000e+00, 0.0000e+00, 0.0000e+00, 5.2275e-02, 0.0000e+00,
          0.0000e+00, 1.0984e-02, 1.3953e-02, 6.6076e-02, 0.0000e+00,
          0.0000e+00, 5.8131e-02, 1.8481e-02, 1.4921e-01, 2.9339e-01,
          0.0000e+00, 1.9318e-02, 0.0000e+00, 0.0000e+00, 0.0000e+00,
          5.2615e-03, 0.0000e+00, 0.0000e+00, 0.0000e+00, 0.0000e+00,
          5.4122e-02, 1.3292e-02, 0.0000e+00, 0.0000e+00, 0.0000e+00,
          6.2861e-02, 0.0000e+00, 1.6864e-01, 0.0000e+00, 0.0000e+00,
          0.0000e+00, 0.0000e+00, 8.7178e-04, 7.6440e-02, 8.6302e-02,
          0.0000e+00, 0.0000e+00, 1.2707e-01, 0.0000e+00, 0.0000e+00,
          0.0000e+00, 0.0000e+00, 0.0000e+00, 1.9466e-02, 0.0000e+00,
          2.2999e-03, 0.0000e+00, 0.0000e+00, 0.0000e+00, 0.0000e+00,
          0.0000e+00, 1.4833e-02, 0.0000e+00, 0.0000e+00, 0.0000e+00,
          4.1845e-03, 0.0000e+00, 0.0000e+00, 0.0000e+00, 0.0000e+00,
          0.0000e+00, 0.0000e+00, 2.0640e-01, 0.0000e+00, 0.0000e+00,
          0.0000e+00, 0.0000e+00, 8.1288e-04, 2.3906e-01, 0.0000e+00,
          1.0171e-01, 0.0000e+00, 0.0000e+00, 0.0000e+00, 1.2465e-02,
          8.4620e-02, 6.4810e-03, 9.0733e-04, 8.0050e-02, 0.0000e+00,
          1.0736e-01, 0.0000e+00, 1.1792e-03, 0.0000e+00, 0.0000e+00,
          1.1335e-01, 7.1186e-04, 0.0000e+00, 0.0000e+00, 0.0000e+00,
          1.8906e-01, 0.0000e+00, 0.0000e+00, 2.4542e-02, 1.1052e-01,
          0.0000e+00, 2.2472e-01, 3.8951e-02, 2.1144e-02, 0.0000e+00,
          0.0000e+00, 7.9043e-03, 0.0000e+00, 0.0000e+00, 2.0420e-01,
          3.0706e-02, 0.0000e+00, 0.0000e+00]]], device='cuda:0',
       grad_fn=<WhereBackward0>)
aaaaaaaaaaaaaaaaa: torch.Size([1, 1, 128]) torch.Size([1, 128])
bbbbbbbbbbbbbb torch.Size([1, 128])
when spliting:
lower_A torch.Size([1, 64, 784])
lower_sum_b torch.Size([1, 64])
upper_A torch.Size([1, 64, 784])
upper_sum_b torch.Size([1, 64])
final_para_lower_A torch.Size([1, 1, 784])
final_para_lower_sum_b torch.Size([1, 1])
final_para_upper_A torch.Size([1, 1, 784])
final_para_upper_sum_b torch.Size([1, 1])
original bound: tensor([[-3.9074]], device='cuda:0')
babsr lower score: tensor([[[0.0000, 0.0000, 0.0249, 0.3522, 0.0000, 0.1283, 0.0000, 0.0000,
          0.0000, 0.2204, 0.0000, 0.0000, 0.0000, 0.0000, 0.0007, 0.3551,
          0.3349, 0.1322, 0.0000, 0.1334, 0.0000, 0.0000, 0.0490, 0.0851,
          0.0000, 0.4921, 0.2358, 0.0000, 0.4690, 0.0000, 0.0879, 0.0000,
          0.1197, 0.0339, 0.0000, 0.0000, 0.0000, 0.0000, 0.0274, 0.2738,
          0.0036, 0.0000, 0.0228, 0.4059, 0.0000, 0.0376, 0.0000, 0.0000,
          0.0042, 0.0730, 0.2270, 0.0312, 0.0596, 0.0217, 0.0000, 0.0860,
          0.5600, 0.1630, 0.0136, 0.0000, 0.0006, 0.0000, 0.0432, 0.0434]]],
       device='cuda:0', grad_fn=<WhereBackward0>)
babsr upper score: tensor([[[0.0000, 0.0000, 0.0071, 0.3752, 0.0000, 0.1239, 0.0076, 0.0000,
          0.0000, 0.2250, 0.0026, 0.0013, 0.0000, 0.0000, 0.0000, 0.3755,
          0.3147, 0.1213, 0.0000, 0.1438, 0.0000, 0.0000, 0.0482, 0.0877,
          0.0000, 0.4671, 0.2124, 0.0000, 0.4801, 0.0126, 0.0731, 0.0000,
          0.1029, 0.0297, 0.0000, 0.0000, 0.0000, 0.0000, 0.0000, 0.2546,
          0.0000, 0.0223, 0.0211, 0.4133, 0.0000, 0.0428, 0.0000, 0.0000,
          0.0000, 0.0672, 0.2274, 0.0000, 0.0612, 0.0000, 0.0000, 0.0930,
          0.5613, 0.1598, 0.0000, 0.0000, 0.0000, 0.0102, 0.0386, 0.0000]]],
       device='cuda:0', grad_fn=<WhereBackward0>)
aaaaaaaaaaaaaaaaa: torch.Size([1, 1, 64]) torch.Size([1, 64])
bbbbbbbbbbbbbb torch.Size([1, 64])

instance 3 is not verified with lb tensor([-5.6776], device='cuda:0', grad_fn=<SelectBackward0>) and C tensor([[[ 0.,  0.,  0., -1.,  0.,  0.,  0.,  1.,  0.,  0.]]], device='cuda:0')

Bab round 1
batch: 1
split depth step: 7
split depth total: 7
when spliting:
lower_A torch.Size([1, 128, 784])
lower_sum_b torch.Size([1, 128])
upper_A torch.Size([1, 128, 784])
upper_sum_b torch.Size([1, 128])
final_para_lower_A torch.Size([1, 1, 784])
final_para_lower_sum_b torch.Size([1, 1])
final_para_upper_A torch.Size([1, 1, 784])
final_para_upper_sum_b torch.Size([1, 1])
original bound: tensor([[-5.6776]], device='cuda:0')
babsr lower score: tensor([[[0.0000e+00, 9.2738e-02, 9.2364e-02, 0.0000e+00, 3.8489e-02,
          0.0000e+00, 1.4267e-02, 0.0000e+00, 1.0645e-03, 2.5570e-01,
          0.0000e+00, 0.0000e+00, 1.0487e-01, 7.7966e-03, 0.0000e+00,
          0.0000e+00, 0.0000e+00, 0.0000e+00, 1.7744e-02, 0.0000e+00,
          7.0822e-03, 3.5118e-02, 0.0000e+00, 1.6396e-02, 0.0000e+00,
          1.2356e-03, 0.0000e+00, 1.2436e-02, 1.2788e-01, 2.1740e-01,
          1.2584e-03, 8.3347e-03, 0.0000e+00, 0.0000e+00, 0.0000e+00,
          0.0000e+00, 1.0952e-03, 0.0000e+00, 0.0000e+00, 0.0000e+00,
          1.1157e-02, 0.0000e+00, 0.0000e+00, 0.0000e+00, 5.2601e-02,
          1.2464e-01, 0.0000e+00, 8.2545e-02, 4.2123e-02, 0.0000e+00,
          3.0751e-02, 0.0000e+00, 0.0000e+00, 0.0000e+00, 6.3366e-02,
          0.0000e+00, 0.0000e+00, 1.3637e-01, 0.0000e+00, 0.0000e+00,
          4.4218e-02, 0.0000e+00, 0.0000e+00, 0.0000e+00, 0.0000e+00,
          1.0652e-01, 0.0000e+00, 0.0000e+00, 0.0000e+00, 0.0000e+00,
          3.1356e-02, 1.1282e-02, 0.0000e+00, 1.2058e-01, 0.0000e+00,
          0.0000e+00, 1.0585e-02, 0.0000e+00, 0.0000e+00, 1.3996e-02,
          0.0000e+00, 0.0000e+00, 6.2667e-01, 2.1755e-02, 0.0000e+00,
          0.0000e+00, 0.0000e+00, 8.1598e-02, 1.9461e-01, 0.0000e+00,
          8.2688e-02, 0.0000e+00, 5.4954e-04, 0.0000e+00, 2.1316e-02,
          5.0283e-02, 0.0000e+00, 0.0000e+00, 8.3414e-02, 0.0000e+00,
          2.3376e-01, 0.0000e+00, 2.9334e-02, 0.0000e+00, 0.0000e+00,
          3.7397e-01, 5.7926e-02, 0.0000e+00, 2.6500e-02, 0.0000e+00,
          1.6164e-01, 0.0000e+00, 0.0000e+00, 2.7009e-02, 7.3857e-02,
          4.8963e-03, 3.2298e-01, 2.9588e-01, 6.7907e-03, 0.0000e+00,
          4.3538e-02, 0.0000e+00, 0.0000e+00, 0.0000e+00, 2.1324e-01,
          4.5797e-02, 0.0000e+00, 0.0000e+00]]], device='cuda:0',
       grad_fn=<WhereBackward0>)
babsr upper score: tensor([[[2.6430e-02, 0.0000e+00, 7.2269e-02, 0.0000e+00, 4.0499e-02,
          0.0000e+00, 0.0000e+00, 0.0000e+00, 1.7979e-02, 2.7159e-01,
          0.0000e+00, 5.6875e-03, 1.0498e-01, 0.0000e+00, 0.0000e+00,
          0.0000e+00, 0.0000e+00, 0.0000e+00, 1.5550e-02, 0.0000e+00,
          0.0000e+00, 2.9733e-02, 1.1903e-04, 1.8865e-02, 0.0000e+00,
          0.0000e+00, 4.7583e-03, 0.0000e+00, 1.2304e-01, 2.3709e-01,
          1.8905e-06, 0.0000e+00, 0.0000e+00, 0.0000e+00, 0.0000e+00,
          5.9904e-03, 1.9174e-03, 0.0000e+00, 0.0000e+00, 0.0000e+00,
          9.7881e-03, 5.8851e-03, 0.0000e+00, 0.0000e+00, 3.8921e-02,
          1.0883e-01, 0.0000e+00, 7.5501e-02, 2.6509e-02, 0.0000e+00,
          0.0000e+00, 0.0000e+00, 2.3129e-03, 6.5764e-02, 5.5153e-02,
          0.0000e+00, 0.0000e+00, 1.2126e-01, 0.0000e+00, 0.0000e+00,
          0.0000e+00, 0.0000e+00, 0.0000e+00, 1.3176e-02, 0.0000e+00,
          1.0977e-01, 0.0000e+00, 0.0000e+00, 0.0000e+00, 0.0000e+00,
          3.0091e-02, 8.7048e-03, 0.0000e+00, 1.2912e-01, 0.0000e+00,
          1.0799e-03, 3.7357e-02, 0.0000e+00, 0.0000e+00, 0.0000e+00,
          0.0000e+00, 0.0000e+00, 6.9783e-01, 0.0000e+00, 0.0000e+00,
          1.0806e-03, 0.0000e+00, 8.5021e-02, 1.9067e-01, 0.0000e+00,
          7.4535e-02, 0.0000e+00, 0.0000e+00, 0.0000e+00, 1.0391e-02,
          4.9598e-02, 5.0034e-03, 3.0437e-02, 1.0308e-01, 0.0000e+00,
          2.4608e-01, 0.0000e+00, 3.8579e-02, 0.0000e+00, 0.0000e+00,
          3.5567e-01, 5.8506e-02, 0.0000e+00, 0.0000e+00, 0.0000e+00,
          1.4412e-01, 0.0000e+00, 0.0000e+00, 2.1716e-02, 4.9683e-02,
          3.7052e-03, 3.6768e-01, 2.9795e-01, 1.8800e-02, 0.0000e+00,
          4.0003e-02, 1.1125e-02, 0.0000e+00, 0.0000e+00, 2.1574e-01,
          4.1981e-02, 0.0000e+00, 0.0000e+00]]], device='cuda:0',
       grad_fn=<WhereBackward0>)
aaaaaaaaaaaaaaaaa: torch.Size([1, 1, 128]) torch.Size([1, 128])
bbbbbbbbbbbbbb torch.Size([1, 128])
when spliting:
lower_A torch.Size([1, 64, 784])
lower_sum_b torch.Size([1, 64])
upper_A torch.Size([1, 64, 784])
upper_sum_b torch.Size([1, 64])
final_para_lower_A torch.Size([1, 1, 784])
final_para_lower_sum_b torch.Size([1, 1])
final_para_upper_A torch.Size([1, 1, 784])
final_para_upper_sum_b torch.Size([1, 1])
original bound: tensor([[-5.6776]], device='cuda:0')
babsr lower score: tensor([[[0.0000e+00, 0.0000e+00, 0.0000e+00, 3.9871e-02, 0.0000e+00,
          1.1620e-01, 1.8495e-01, 0.0000e+00, 0.0000e+00, 7.2520e-03,
          9.0589e-05, 0.0000e+00, 0.0000e+00, 0.0000e+00, 9.5333e-02,
          1.5045e-01, 1.9320e-01, 2.5976e-01, 0.0000e+00, 1.4105e-01,
          0.0000e+00, 0.0000e+00, 2.9724e-01, 1.8896e-01, 0.0000e+00,
          2.9900e-01, 3.1001e-01, 0.0000e+00, 7.3975e-01, 0.0000e+00,
          2.3454e-01, 0.0000e+00, 7.0754e-02, 9.3375e-03, 0.0000e+00,
          0.0000e+00, 0.0000e+00, 0.0000e+00, 6.0236e-03, 4.2446e-01,
          1.8423e-01, 0.0000e+00, 2.9309e-01, 1.7293e-02, 0.0000e+00,
          1.8243e-02, 0.0000e+00, 0.0000e+00, 4.1631e-02, 9.8687e-03,
          2.7375e-04, 2.0664e-02, 5.8232e-01, 2.8225e-01, 0.0000e+00,
          8.4518e-02, 1.7984e-04, 4.1845e-04, 1.7759e-03, 0.0000e+00,
          7.9088e-03, 0.0000e+00, 5.3498e-01, 4.4211e-02]]], device='cuda:0',
       grad_fn=<WhereBackward0>)
babsr upper score: tensor([[[0.0000, 0.0000, 0.0318, 0.0425, 0.0000, 0.1122, 0.1800, 0.0000,
          0.0000, 0.0000, 0.0000, 0.0093, 0.0000, 0.0000, 0.0863, 0.1591,
          0.1816, 0.2383, 0.0000, 0.1520, 0.0000, 0.0000, 0.2924, 0.1946,
          0.0000, 0.2838, 0.2793, 0.0000, 0.7571, 0.0201, 0.1950, 0.0000,
          0.0608, 0.0000, 0.0000, 0.0000, 0.0000, 0.0000, 0.0000, 0.3948,
          0.1782, 0.0062, 0.2711, 0.0176, 0.0000, 0.0207, 0.0000, 0.0000,
          0.0391, 0.0000, 0.0000, 0.0000, 0.5975, 0.3009, 0.0000, 0.0914,
          0.0000, 0.0000, 0.0000, 0.0000, 0.0000, 0.0127, 0.4781, 0.0000]]],
       device='cuda:0', grad_fn=<WhereBackward0>)
aaaaaaaaaaaaaaaaa: torch.Size([1, 1, 64]) torch.Size([1, 64])
bbbbbbbbbbbbbb torch.Size([1, 64])

instance 4 is verified with lb tensor([4.4663], device='cuda:0', grad_fn=<SelectBackward0>) and C tensor([[[ 0.,  0.,  0.,  0., -1.,  0.,  0.,  1.,  0.,  0.]]], device='cuda:0')

instance 5 is not verified with lb tensor([-3.8401], device='cuda:0', grad_fn=<SelectBackward0>) and C tensor([[[ 0.,  0.,  0.,  0.,  0., -1.,  0.,  1.,  0.,  0.]]], device='cuda:0')

Bab round 1
batch: 1
split depth step: 7
split depth total: 7
when spliting:
lower_A torch.Size([1, 128, 784])
lower_sum_b torch.Size([1, 128])
upper_A torch.Size([1, 128, 784])
upper_sum_b torch.Size([1, 128])
final_para_lower_A torch.Size([1, 1, 784])
final_para_lower_sum_b torch.Size([1, 1])
final_para_upper_A torch.Size([1, 1, 784])
final_para_upper_sum_b torch.Size([1, 1])
original bound: tensor([[-3.8401]], device='cuda:0')
babsr lower score: tensor([[[0.0000, 0.0521, 0.0062, 0.0000, 0.0087, 0.0000, 0.0067, 0.0000,
          0.0000, 0.1496, 0.0000, 0.0000, 0.0912, 0.0211, 0.0000, 0.0000,
          0.0000, 0.0000, 0.0104, 0.0000, 0.0129, 0.0048, 0.0000, 0.0472,
          0.0000, 0.0151, 0.0638, 0.0300, 0.0259, 0.0886, 0.0000, 0.0807,
          0.0000, 0.0000, 0.0000, 0.0000, 0.0035, 0.0000, 0.0000, 0.0000,
          0.0356, 0.0000, 0.0000, 0.0000, 0.0019, 0.1264, 0.0000, 0.1356,
          0.2180, 0.0000, 0.0086, 0.0000, 0.0000, 0.0000, 0.0985, 0.0000,
          0.0000, 0.0753, 0.0000, 0.0000, 0.0283, 0.0000, 0.0000, 0.0000,
          0.0000, 0.1238, 0.0000, 0.0000, 0.0000, 0.0000, 0.0056, 0.0000,
          0.0000, 0.0934, 0.0000, 0.0000, 0.0430, 0.0000, 0.0000, 0.2704,
          0.0000, 0.0000, 0.5128, 0.0087, 0.0000, 0.0017, 0.0000, 0.0000,
          0.1546, 0.0000, 0.0789, 0.0000, 0.0005, 0.0000, 0.0773, 0.0137,
          0.0000, 0.0000, 0.0595, 0.0000, 0.1581, 0.0000, 0.0240, 0.0000,
          0.0000, 0.3015, 0.0000, 0.0000, 0.0012, 0.0000, 0.2442, 0.0000,
          0.0000, 0.0049, 0.0807, 0.0087, 0.2409, 0.2753, 0.0044, 0.0000,
          0.0424, 0.0000, 0.0000, 0.0000, 0.1146, 0.0477, 0.0000, 0.0000]]],
       device='cuda:0', grad_fn=<WhereBackward0>)
babsr upper score: tensor([[[3.1600e-02, 0.0000e+00, 0.0000e+00, 0.0000e+00, 8.3944e-04,
          0.0000e+00, 0.0000e+00, 0.0000e+00, 2.8969e-02, 1.5895e-01,
          0.0000e+00, 8.1481e-03, 9.1340e-02, 0.0000e+00, 0.0000e+00,
          0.0000e+00, 0.0000e+00, 0.0000e+00, 9.1435e-03, 0.0000e+00,
          0.0000e+00, 0.0000e+00, 4.3737e-03, 0.0000e+00, 0.0000e+00,
          0.0000e+00, 6.1904e-02, 0.0000e+00, 2.4904e-02, 9.6596e-02,
          2.4086e-03, 6.2425e-02, 0.0000e+00, 0.0000e+00, 0.0000e+00,
          9.5060e-03, 0.0000e+00, 0.0000e+00, 0.0000e+00, 0.0000e+00,
          3.1229e-02, 3.4715e-03, 0.0000e+00, 0.0000e+00, 0.0000e+00,
          1.1039e-01, 0.0000e+00, 1.2399e-01, 1.3722e-01, 0.0000e+00,
          0.0000e+00, 0.0000e+00, 3.2723e-03, 2.9692e-02, 8.5721e-02,
          0.0000e+00, 0.0000e+00, 6.6951e-02, 0.0000e+00, 0.0000e+00,
          0.0000e+00, 0.0000e+00, 0.0000e+00, 2.7748e-02, 0.0000e+00,
          1.2752e-01, 0.0000e+00, 0.0000e+00, 0.0000e+00, 0.0000e+00,
          0.0000e+00, 6.2297e-03, 0.0000e+00, 1.0006e-01, 0.0000e+00,
          4.7761e-03, 0.0000e+00, 0.0000e+00, 0.0000e+00, 2.3210e-01,
          0.0000e+00, 0.0000e+00, 5.7102e-01, 0.0000e+00, 0.0000e+00,
          0.0000e+00, 0.0000e+00, 9.7797e-03, 1.5152e-01, 0.0000e+00,
          7.1110e-02, 0.0000e+00, 0.0000e+00, 0.0000e+00, 3.7659e-02,
          1.3518e-02, 4.1019e-04, 4.5059e-02, 7.3486e-02, 0.0000e+00,
          1.6643e-01, 0.0000e+00, 3.1622e-02, 0.0000e+00, 0.0000e+00,
          2.8672e-01, 1.7625e-03, 0.0000e+00, 0.0000e+00, 0.0000e+00,
          2.1772e-01, 0.0000e+00, 0.0000e+00, 0.0000e+00, 5.4298e-02,
          0.0000e+00, 2.7420e-01, 2.7721e-01, 1.2213e-02, 0.0000e+00,
          3.8957e-02, 1.8414e-03, 0.0000e+00, 0.0000e+00, 1.1590e-01,
          4.3752e-02, 0.0000e+00, 0.0000e+00]]], device='cuda:0',
       grad_fn=<WhereBackward0>)
aaaaaaaaaaaaaaaaa: torch.Size([1, 1, 128]) torch.Size([1, 128])
bbbbbbbbbbbbbb torch.Size([1, 128])
when spliting:
lower_A torch.Size([1, 64, 784])
lower_sum_b torch.Size([1, 64])
upper_A torch.Size([1, 64, 784])
upper_sum_b torch.Size([1, 64])
final_para_lower_A torch.Size([1, 1, 784])
final_para_lower_sum_b torch.Size([1, 1])
final_para_upper_A torch.Size([1, 1, 784])
final_para_upper_sum_b torch.Size([1, 1])
original bound: tensor([[-3.8401]], device='cuda:0')
babsr lower score: tensor([[[0.0000e+00, 0.0000e+00, 2.6715e-02, 5.2268e-03, 0.0000e+00,
          0.0000e+00, 0.0000e+00, 0.0000e+00, 0.0000e+00, 0.0000e+00,
          8.9299e-02, 0.0000e+00, 0.0000e+00, 0.0000e+00, 1.0409e-02,
          0.0000e+00, 1.1890e-01, 2.4573e-01, 0.0000e+00, 1.0496e-02,
          0.0000e+00, 0.0000e+00, 2.8197e-01, 2.8671e-02, 0.0000e+00,
          4.1567e-01, 4.3124e-01, 0.0000e+00, 5.8448e-01, 1.5968e-01,
          3.7020e-01, 0.0000e+00, 1.5159e-02, 2.1555e-02, 0.0000e+00,
          0.0000e+00, 0.0000e+00, 0.0000e+00, 2.2314e-02, 2.4482e-01,
          2.0645e-01, 2.4009e-01, 3.6760e-01, 7.5672e-02, 0.0000e+00,
          3.9847e-02, 0.0000e+00, 0.0000e+00, 4.0922e-03, 9.7152e-02,
          6.3797e-04, 1.2577e-02, 5.7354e-01, 8.9077e-02, 0.0000e+00,
          8.0174e-02, 1.5966e-01, 2.8717e-01, 8.7873e-03, 0.0000e+00,
          1.2329e-02, 0.0000e+00, 7.0118e-01, 3.1554e-02]]], device='cuda:0',
       grad_fn=<WhereBackward0>)
babsr upper score: tensor([[[0.0000, 0.0000, 0.0077, 0.0000, 0.0000, 0.0127, 0.0048, 0.0000,
          0.0000, 0.0027, 0.0902, 0.0014, 0.0000, 0.0000, 0.0000, 0.0028,
          0.1118, 0.2254, 0.0000, 0.0000, 0.0000, 0.0000, 0.2774, 0.0295,
          0.0000, 0.3946, 0.3886, 0.0000, 0.5982, 0.1551, 0.3078, 0.0000,
          0.0130, 0.0189, 0.0000, 0.0000, 0.0000, 0.0000, 0.0000, 0.2277,
          0.1997, 0.2080, 0.3400, 0.0771, 0.0000, 0.0453, 0.0000, 0.0000,
          0.0000, 0.0894, 0.0000, 0.0000, 0.5885, 0.0950, 0.0000, 0.0867,
          0.1600, 0.2815, 0.0000, 0.0000, 0.0000, 0.0118, 0.6266, 0.0000]]],
       device='cuda:0', grad_fn=<WhereBackward0>)
aaaaaaaaaaaaaaaaa: torch.Size([1, 1, 64]) torch.Size([1, 64])
bbbbbbbbbbbbbb torch.Size([1, 64])

instance 6 is verified with lb tensor([4.5039], device='cuda:0', grad_fn=<SelectBackward0>) and C tensor([[[ 0.,  0.,  0.,  0.,  0.,  0., -1.,  1.,  0.,  0.]]], device='cuda:0')

instance 7 is not verified with lb tensor([-4.7792], device='cuda:0', grad_fn=<SelectBackward0>) and C tensor([[[ 0.,  0.,  0.,  0.,  0.,  0.,  0.,  1., -1.,  0.]]], device='cuda:0')

Bab round 1
batch: 1
split depth step: 7
split depth total: 7
when spliting:
lower_A torch.Size([1, 128, 784])
lower_sum_b torch.Size([1, 128])
upper_A torch.Size([1, 128, 784])
upper_sum_b torch.Size([1, 128])
final_para_lower_A torch.Size([1, 1, 784])
final_para_lower_sum_b torch.Size([1, 1])
final_para_upper_A torch.Size([1, 1, 784])
final_para_upper_sum_b torch.Size([1, 1])
original bound: tensor([[-4.7792]], device='cuda:0')
babsr lower score: tensor([[[0.0000e+00, 8.7048e-02, 1.0636e-01, 0.0000e+00, 2.0229e-02,
          0.0000e+00, 4.8158e-03, 0.0000e+00, 0.0000e+00, 2.4170e-01,
          0.0000e+00, 0.0000e+00, 1.9449e-01, 7.9331e-03, 0.0000e+00,
          0.0000e+00, 0.0000e+00, 0.0000e+00, 4.4346e-02, 0.0000e+00,
          2.1632e-02, 1.5982e-02, 0.0000e+00, 3.7953e-02, 0.0000e+00,
          1.2118e-02, 0.0000e+00, 1.4044e-02, 1.0563e-01, 2.2166e-01,
          0.0000e+00, 8.4825e-02, 0.0000e+00, 0.0000e+00, 0.0000e+00,
          1.7477e-02, 6.1095e-04, 0.0000e+00, 0.0000e+00, 0.0000e+00,
          5.2948e-02, 0.0000e+00, 0.0000e+00, 0.0000e+00, 2.1077e-02,
          1.0468e-01, 0.0000e+00, 1.4247e-01, 8.4934e-02, 0.0000e+00,
          3.0318e-02, 0.0000e+00, 3.5970e-03, 0.0000e+00, 9.4687e-02,
          0.0000e+00, 0.0000e+00, 1.4132e-01, 0.0000e+00, 0.0000e+00,
          2.4925e-02, 0.0000e+00, 0.0000e+00, 0.0000e+00, 0.0000e+00,
          3.0498e-03, 0.0000e+00, 0.0000e+00, 0.0000e+00, 0.0000e+00,
          7.1078e-03, 2.5195e-02, 0.0000e+00, 5.7885e-02, 0.0000e+00,
          0.0000e+00, 7.2363e-03, 0.0000e+00, 0.0000e+00, 4.7042e-02,
          0.0000e+00, 0.0000e+00, 2.5025e-01, 5.5697e-03, 0.0000e+00,
          1.8211e-04, 0.0000e+00, 0.0000e+00, 2.0892e-01, 0.0000e+00,
          1.0738e-01, 0.0000e+00, 6.6767e-04, 0.0000e+00, 8.0137e-02,
          1.2379e-01, 0.0000e+00, 0.0000e+00, 5.6870e-02, 0.0000e+00,
          2.0220e-01, 0.0000e+00, 4.2245e-02, 0.0000e+00, 0.0000e+00,
          2.7592e-01, 0.0000e+00, 0.0000e+00, 7.9192e-05, 0.0000e+00,
          3.4085e-01, 0.0000e+00, 0.0000e+00, 6.0267e-02, 0.0000e+00,
          7.8191e-02, 3.1203e-01, 3.7234e-01, 4.3330e-03, 0.0000e+00,
          2.3430e-02, 0.0000e+00, 0.0000e+00, 0.0000e+00, 2.2148e-01,
          5.4793e-02, 0.0000e+00, 0.0000e+00]]], device='cuda:0',
       grad_fn=<WhereBackward0>)
babsr upper score: tensor([[[0.0463, 0.0000, 0.0832, 0.0000, 0.0213, 0.0000, 0.0000, 0.0000,
          0.0674, 0.2567, 0.0000, 0.0045, 0.1947, 0.0000, 0.0000, 0.0000,
          0.0000, 0.0000, 0.0389, 0.0000, 0.0000, 0.0135, 0.0050, 0.0000,
          0.0000, 0.0000, 0.0049, 0.0000, 0.1016, 0.2417, 0.0040, 0.0656,
          0.0000, 0.0000, 0.0000, 0.0159, 0.0000, 0.0000, 0.0000, 0.0000,
          0.0465, 0.0013, 0.0000, 0.0000, 0.0156, 0.0914, 0.0000, 0.1303,
          0.0535, 0.0000, 0.0000, 0.0000, 0.0034, 0.0363, 0.0824, 0.0000,
          0.0000, 0.1257, 0.0000, 0.0000, 0.0000, 0.0000, 0.0000, 0.0537,
          0.0000, 0.0031, 0.0000, 0.0000, 0.0000, 0.0000, 0.0000, 0.0194,
          0.0000, 0.0620, 0.0000, 0.0132, 0.0382, 0.0000, 0.0000, 0.0000,
          0.0000, 0.0000, 0.2787, 0.0000, 0.0000, 0.0000, 0.0000, 0.0050,
          0.2047, 0.0000, 0.0968, 0.0000, 0.0000, 0.0000, 0.0391, 0.1221,
          0.0030, 0.0248, 0.0703, 0.0000, 0.2129, 0.0000, 0.0556, 0.0000,
          0.0000, 0.2624, 0.0008, 0.0000, 0.0000, 0.0000, 0.3039, 0.0000,
          0.0000, 0.0485, 0.0020, 0.0000, 0.3552, 0.3750, 0.0120, 0.0000,
          0.0215, 0.0281, 0.0000, 0.0000, 0.2241, 0.0502, 0.0000, 0.0000]]],
       device='cuda:0', grad_fn=<WhereBackward0>)
aaaaaaaaaaaaaaaaa: torch.Size([1, 1, 128]) torch.Size([1, 128])
bbbbbbbbbbbbbb torch.Size([1, 128])
when spliting:
lower_A torch.Size([1, 64, 784])
lower_sum_b torch.Size([1, 64])
upper_A torch.Size([1, 64, 784])
upper_sum_b torch.Size([1, 64])
final_para_lower_A torch.Size([1, 1, 784])
final_para_lower_sum_b torch.Size([1, 1])
final_para_upper_A torch.Size([1, 1, 784])
final_para_upper_sum_b torch.Size([1, 1])
original bound: tensor([[-4.7792]], device='cuda:0')
babsr lower score: tensor([[[0.0000e+00, 0.0000e+00, 0.0000e+00, 4.0381e-01, 0.0000e+00,
          5.8588e-01, 0.0000e+00, 0.0000e+00, 0.0000e+00, 3.7286e-03,
          2.5501e-03, 3.8887e-01, 0.0000e+00, 0.0000e+00, 1.5905e-01,
          0.0000e+00, 3.9924e-01, 1.3065e-02, 0.0000e+00, 8.6497e-03,
          0.0000e+00, 0.0000e+00, 8.4061e-02, 2.9236e-01, 0.0000e+00,
          4.3654e-01, 2.2145e-01, 0.0000e+00, 7.4575e-01, 8.6856e-02,
          3.0173e-01, 0.0000e+00, 1.0170e-01, 3.1397e-02, 0.0000e+00,
          0.0000e+00, 0.0000e+00, 0.0000e+00, 1.1170e-02, 4.4368e-01,
          4.7047e-01, 0.0000e+00, 1.3449e-04, 3.1873e-01, 0.0000e+00,
          1.4250e-02, 0.0000e+00, 0.0000e+00, 1.2847e-03, 6.5582e-02,
          4.7155e-04, 8.8006e-03, 3.6139e-01, 1.0745e-02, 0.0000e+00,
          4.2119e-02, 1.1514e-01, 3.0189e-01, 6.2314e-02, 0.0000e+00,
          3.4422e-03, 0.0000e+00, 4.9904e-01, 3.6112e-02]]], device='cuda:0',
       grad_fn=<WhereBackward0>)
babsr upper score: tensor([[[0.0000e+00, 0.0000e+00, 1.6274e-02, 4.3025e-01, 0.0000e+00,
          5.6589e-01, 2.2363e-03, 0.0000e+00, 0.0000e+00, 2.4726e-03,
          1.5231e-03, 3.5855e-01, 0.0000e+00, 0.0000e+00, 1.4395e-01,
          3.1162e-04, 3.7524e-01, 0.0000e+00, 0.0000e+00, 0.0000e+00,
          0.0000e+00, 0.0000e+00, 8.2687e-02, 3.0108e-01, 0.0000e+00,
          4.1438e-01, 1.9953e-01, 0.0000e+00, 7.6327e-01, 8.4374e-02,
          2.5087e-01, 0.0000e+00, 8.7458e-02, 2.7488e-02, 0.0000e+00,
          0.0000e+00, 0.0000e+00, 0.0000e+00, 0.0000e+00, 4.1263e-01,
          4.5504e-01, 5.1427e-03, 4.8774e-04, 3.2454e-01, 0.0000e+00,
          1.6207e-02, 0.0000e+00, 0.0000e+00, 0.0000e+00, 6.0328e-02,
          0.0000e+00, 0.0000e+00, 3.7084e-01, 0.0000e+00, 0.0000e+00,
          4.5560e-02, 1.1541e-01, 2.9593e-01, 5.8006e-02, 0.0000e+00,
          2.8867e-03, 2.0883e-02, 4.4595e-01, 0.0000e+00]]], device='cuda:0',
       grad_fn=<WhereBackward0>)
aaaaaaaaaaaaaaaaa: torch.Size([1, 1, 64]) torch.Size([1, 64])
bbbbbbbbbbbbbb torch.Size([1, 64])

instance 8 is not verified with lb tensor([-2.5932], device='cuda:0', grad_fn=<SelectBackward0>) and C tensor([[[ 0.,  0.,  0.,  0.,  0.,  0.,  0.,  1.,  0., -1.]]], device='cuda:0')

Bab round 1
batch: 1
split depth step: 7
split depth total: 7
when spliting:
lower_A torch.Size([1, 128, 784])
lower_sum_b torch.Size([1, 128])
upper_A torch.Size([1, 128, 784])
upper_sum_b torch.Size([1, 128])
final_para_lower_A torch.Size([1, 1, 784])
final_para_lower_sum_b torch.Size([1, 1])
final_para_upper_A torch.Size([1, 1, 784])
final_para_upper_sum_b torch.Size([1, 1])
original bound: tensor([[-2.5932]], device='cuda:0')
babsr lower score: tensor([[[0.0000, 0.0436, 0.0350, 0.0000, 0.0268, 0.0000, 0.0082, 0.0000,
          0.0158, 0.0936, 0.0000, 0.0000, 0.0000, 0.0045, 0.0000, 0.0000,
          0.0000, 0.0000, 0.0716, 0.0000, 0.0266, 0.0255, 0.0000, 0.0562,
          0.0000, 0.0142, 0.0000, 0.0259, 0.1404, 0.1699, 0.0000, 0.0174,
          0.0000, 0.0000, 0.0000, 0.0000, 0.0017, 0.0000, 0.0000, 0.0000,
          0.0086, 0.0938, 0.0000, 0.0000, 0.0027, 0.0754, 0.0000, 0.0128,
          0.0586, 0.0000, 0.0091, 0.0000, 0.0000, 0.0000, 0.0217, 0.0000,
          0.0000, 0.0836, 0.0000, 0.0000, 0.0315, 0.0000, 0.0000, 0.0000,
          0.0000, 0.0000, 0.0000, 0.0000, 0.0000, 0.0000, 0.0365, 0.0197,
          0.0000, 0.1109, 0.0000, 0.0000, 0.0323, 0.0000, 0.0000, 0.0550,
          0.0000, 0.0000, 0.4723, 0.0132, 0.0000, 0.0000, 0.0000, 0.0000,
          0.0672, 0.0000, 0.0115, 0.0000, 0.0065, 0.0000, 0.0399, 0.1191,
          0.0000, 0.0104, 0.0526, 0.0000, 0.0900, 0.0000, 0.0422, 0.0000,
          0.0000, 0.2007, 0.0000, 0.0000, 0.0082, 0.0000, 0.2184, 0.0000,
          0.0000, 0.0290, 0.0000, 0.0525, 0.2024, 0.3884, 0.0035, 0.0000,
          0.0481, 0.0000, 0.0000, 0.0000, 0.1668, 0.0598, 0.0000, 0.0000]]],
       device='cuda:0', grad_fn=<WhereBackward0>)
babsr upper score: tensor([[[1.6310e-02, 0.0000e+00, 2.7405e-02, 0.0000e+00, 2.8187e-02,
          0.0000e+00, 0.0000e+00, 0.0000e+00, 0.0000e+00, 9.9462e-02,
          0.0000e+00, 1.6957e-02, 2.0247e-04, 0.0000e+00, 0.0000e+00,
          0.0000e+00, 0.0000e+00, 0.0000e+00, 6.2731e-02, 0.0000e+00,
          0.0000e+00, 2.1585e-02, 2.3897e-03, 8.6027e-03, 0.0000e+00,
          1.1700e-02, 6.9346e-03, 3.1086e-02, 1.3509e-01, 1.8526e-01,
          3.6361e-03, 1.3463e-02, 0.0000e+00, 0.0000e+00, 0.0000e+00,
          4.2124e-03, 0.0000e+00, 0.0000e+00, 0.0000e+00, 0.0000e+00,
          0.0000e+00, 8.2682e-02, 0.0000e+00, 0.0000e+00, 0.0000e+00,
          6.5822e-02, 0.0000e+00, 0.0000e+00, 3.6882e-02, 0.0000e+00,
          0.0000e+00, 0.0000e+00, 1.6941e-03, 1.0682e-02, 1.8849e-02,
          0.0000e+00, 0.0000e+00, 7.4323e-02, 0.0000e+00, 0.0000e+00,
          0.0000e+00, 0.0000e+00, 0.0000e+00, 6.9619e-03, 0.0000e+00,
          3.0511e-03, 0.0000e+00, 0.0000e+00, 0.0000e+00, 0.0000e+00,
          3.5046e-02, 1.5209e-02, 0.0000e+00, 1.1875e-01, 0.0000e+00,
          1.1738e-02, 0.0000e+00, 0.0000e+00, 0.0000e+00, 0.0000e+00,
          0.0000e+00, 0.0000e+00, 5.2589e-01, 5.6897e-03, 0.0000e+00,
          2.7222e-02, 0.0000e+00, 6.8973e-03, 6.5795e-02, 0.0000e+00,
          1.0335e-02, 0.0000e+00, 6.5897e-03, 0.0000e+00, 1.9471e-02,
          1.1748e-01, 1.8894e-04, 1.1351e-02, 6.5021e-02, 0.0000e+00,
          9.4743e-02, 0.0000e+00, 5.5563e-02, 0.0000e+00, 0.0000e+00,
          1.9087e-01, 9.4356e-05, 0.0000e+00, 0.0000e+00, 0.0000e+00,
          1.9472e-01, 0.0000e+00, 0.0000e+00, 2.3315e-02, 2.7541e-02,
          0.0000e+00, 2.3046e-01, 3.9116e-01, 9.6872e-03, 0.0000e+00,
          4.4215e-02, 1.7102e-02, 0.0000e+00, 0.0000e+00, 1.6875e-01,
          5.4840e-02, 0.0000e+00, 0.0000e+00]]], device='cuda:0',
       grad_fn=<WhereBackward0>)
aaaaaaaaaaaaaaaaa: torch.Size([1, 1, 128]) torch.Size([1, 128])
bbbbbbbbbbbbbb torch.Size([1, 128])
when spliting:
lower_A torch.Size([1, 64, 784])
lower_sum_b torch.Size([1, 64])
upper_A torch.Size([1, 64, 784])
upper_sum_b torch.Size([1, 64])
final_para_lower_A torch.Size([1, 1, 784])
final_para_lower_sum_b torch.Size([1, 1])
final_para_upper_A torch.Size([1, 1, 784])
final_para_upper_sum_b torch.Size([1, 1])
original bound: tensor([[-2.5932]], device='cuda:0')
babsr lower score: tensor([[[0.0000e+00, 0.0000e+00, 3.7476e-03, 1.2052e-02, 0.0000e+00,
          6.6169e-01, 0.0000e+00, 0.0000e+00, 0.0000e+00, 0.0000e+00,
          0.0000e+00, 0.0000e+00, 0.0000e+00, 0.0000e+00, 1.3132e-01,
          4.9609e-02, 6.2183e-01, 0.0000e+00, 0.0000e+00, 1.7603e-02,
          0.0000e+00, 0.0000e+00, 6.5306e-03, 2.0189e-01, 0.0000e+00,
          1.0561e-01, 3.8930e-01, 0.0000e+00, 4.7482e-01, 2.6923e-03,
          8.0908e-02, 0.0000e+00, 4.1547e-02, 1.9610e-02, 0.0000e+00,
          0.0000e+00, 0.0000e+00, 0.0000e+00, 6.3255e-02, 2.6353e-01,
          2.1468e-02, 1.6099e-01, 4.5792e-01, 1.4590e-01, 0.0000e+00,
          4.1889e-03, 0.0000e+00, 0.0000e+00, 1.4538e-02, 1.0949e-02,
          5.2591e-04, 6.6265e-03, 7.1605e-01, 9.2487e-03, 0.0000e+00,
          5.7862e-02, 3.1127e-01, 6.6034e-04, 0.0000e+00, 0.0000e+00,
          9.2728e-02, 0.0000e+00, 4.2455e-01, 3.5746e-02]]], device='cuda:0',
       grad_fn=<WhereBackward0>)
babsr upper score: tensor([[[0.0000e+00, 0.0000e+00, 1.0740e-03, 0.0000e+00, 0.0000e+00,
          6.3912e-01, 7.7842e-03, 0.0000e+00, 0.0000e+00, 1.0649e-02,
          2.4248e-03, 8.0585e-03, 0.0000e+00, 0.0000e+00, 1.1884e-01,
          5.2469e-02, 5.8445e-01, 3.4265e-02, 0.0000e+00, 0.0000e+00,
          0.0000e+00, 0.0000e+00, 6.4238e-03, 2.0791e-01, 0.0000e+00,
          1.0025e-01, 3.5076e-01, 0.0000e+00, 4.8597e-01, 0.0000e+00,
          6.7272e-02, 0.0000e+00, 3.5730e-02, 0.0000e+00, 0.0000e+00,
          0.0000e+00, 0.0000e+00, 0.0000e+00, 5.7223e-02, 2.4509e-01,
          2.0763e-02, 1.3945e-01, 4.2356e-01, 1.4856e-01, 0.0000e+00,
          0.0000e+00, 0.0000e+00, 0.0000e+00, 1.3667e-02, 0.0000e+00,
          2.0742e-06, 0.0000e+00, 7.3476e-01, 0.0000e+00, 0.0000e+00,
          6.2589e-02, 3.1200e-01, 0.0000e+00, 6.2988e-02, 0.0000e+00,
          7.7763e-02, 8.1973e-03, 3.7939e-01, 0.0000e+00]]], device='cuda:0',
       grad_fn=<WhereBackward0>)
aaaaaaaaaaaaaaaaa: torch.Size([1, 1, 64]) torch.Size([1, 64])
bbbbbbbbbbbbbb torch.Size([1, 64])

all batches are verified!
