use ReLU model
Network prediction: tensor([[ -2.1788,  -4.8912,  -0.2099,   0.3329,  -6.5422,  -1.6018, -11.8794,
           9.7545,  -2.4076,  -1.1615]], device='cuda:0',
       grad_fn=<AddmmBackward0>)
Verifiying Pertubation - 0.028
CROWN pre-activation
CROWN pre-activation
using CROWN
result from CROWN is: tensor([[-3.6849,  1.3470, -4.6224, -6.1797,  3.1863, -4.6148,  3.5089, -5.8204,
         -4.2707]], device='cuda:0', grad_fn=<AddBackward0>)
using alpha-CROWN
result from alpha CROWN is: tensor([[-2.7275,  1.9696, -3.9074, -5.6776,  4.4663, -3.8401,  4.5039, -4.7792,
         -2.5932]], device='cuda:0', grad_fn=<MaximumBackward0>)
using alpha-beta-CROWN
size of unstable nuerons: 114

instance 0 is not verified with lb tensor([-2.7275], device='cuda:0', grad_fn=<SelectBackward0>) and C tensor([[[-1.,  0.,  0.,  0.,  0.,  0.,  0.,  1.,  0.,  0.]]], device='cuda:0')

Bab round 1
batch: 1
split depth step: 7
split depth total: 7
torch.Size([384, 128]) torch.Size([1, 384, 10]) torch.Size([384, 128])
using CROWN
[tensor([[ 0.0000, -0.6705, -0.0460,  0.0000,  0.0209,  0.0000, -0.0982,  0.0000,
          0.0000,  0.3128,  0.0000,  0.0000, -0.0054, -0.1441,  0.0000,  0.0000,
          0.0000,  0.0000,  0.0306,  0.0000, -0.6167, -0.0176,  0.0000, -0.0892,
          0.0000, -0.2246,  0.1234, -0.0995,  0.0679,  0.2673,  0.0000,  0.6774,
          0.0000,  0.0000,  0.0000,  0.0095, -0.3199,  0.0000,  0.0000,  0.0000,
         -0.0544,  0.0000,  0.0000,  0.0000, -0.0615,  0.0933,  0.0000,  0.0659,
          0.1087,  0.0000, -0.2727,  0.0000,  0.0000,  0.0000,  0.5425,  0.0000,
          0.0000,  0.1049,  0.0000,  0.0000, -0.1418,  0.0000,  0.0000,  0.0000,
          0.0000,  0.0504,  0.0000,  0.0000,  0.0000,  0.0000, -0.0801,  0.0000,
          0.0000, -0.2167,  0.0000,  0.0000, -0.0020,  0.0000,  0.0000,  0.0123,
          0.0000,  0.0000,  0.1426, -0.0617,  0.0000,  0.0000,  0.0000, -0.0291,
          0.3463,  0.0000,  0.0373,  0.0000,  0.0493,  0.0000,  0.0516,  0.1246,
          0.0000,  0.0259,  0.2445,  0.0000,  0.3761,  0.0000,  0.3898,  0.0000,
          0.0000,  0.0000,  0.0000,  0.0000, -0.1820,  0.0000,  0.1951,  0.0000,
          0.0000,  0.0551,  0.0940, -0.1117,  0.1770,  0.0485,  0.3347,  0.0000,
          0.0250,  0.0000,  0.0000,  0.0000,  0.0950,  0.2640,  0.0000,  0.0000]],
       device='cuda:0', grad_fn=<ViewBackward0>), tensor([[ 0.0000,  0.0000,  0.0000,  0.7652,  0.0000,  0.2965,  0.0000,  0.0000,
          0.0000,  0.0000,  0.0394,  0.0000,  0.0000,  0.0000,  0.2023,  0.0468,
          0.1392,  0.0000,  0.0000,  0.1805,  0.0000,  0.0000,  0.6148,  0.9732,
          0.0000,  0.5989,  1.6690,  0.0000,  0.9189,  0.0000, -0.1593,  0.0000,
          0.6021,  0.1315,  0.0000,  0.0000,  0.0000,  0.0000, -0.0730,  0.3158,
         -0.1188,  0.0000,  0.4225,  0.3709,  0.0000,  0.2003,  0.0000,  0.0000,
         -0.1948,  0.2331,  0.3281, -0.2525,  0.0614, -0.1144,  0.0000,  1.1178,
          0.8967,  0.5233,  0.0000,  0.0000,  0.8455,  0.1158,  0.2748, -0.4501]],
       device='cuda:0', grad_fn=<ViewBackward0>), tensor([[-0.0608,  0.0000,  0.0000,  0.0000,  0.0164,  0.0000,  0.0000,  0.0000,
         -0.0133,  0.2216,  0.0000, -0.0900,  0.0000,  0.0000,  0.0000,  0.0000,
          0.0000,  0.0000,  0.2536,  0.0000,  0.0000,  0.0000, -0.4962,  0.0000,
          0.0000,  0.0000,  0.1392,  0.0000,  0.2211,  0.1384, -0.3588,  0.0323,
          0.0000,  0.0000,  0.0000,  0.0097,  0.0000,  0.0000,  0.0000,  0.0000,
          0.0000, -0.0036,  0.0000,  0.0000,  0.0000,  0.1315,  0.0000,  0.0407,
          0.0105,  0.0000,  0.0000,  0.0000, -0.0331, -0.1242,  0.0305,  0.0000,
          0.0000,  0.0892,  0.0000,  0.0000,  0.0000,  0.0000,  0.0000, -0.2882,
          0.0000,  0.1115,  0.0000,  0.0000,  0.0000,  0.0000,  0.0000, -0.0344,
          0.0000,  0.0000,  0.0000, -0.3490, -0.0045,  0.0000,  0.0000,  0.0048,
          0.0000,  0.0000,  0.1912,  0.0000,  0.0000, -0.0500,  0.0000,  0.0000,
          0.0902,  0.0000,  0.0209,  0.0000,  0.0152,  0.0000,  0.5039,  0.0522,
         -0.2688,  0.0640,  0.0369,  0.0000,  0.1522,  0.0000,  0.0229,  0.0000,
          0.0000, -0.0496, -0.0488,  0.0000,  0.0000,  0.0000,  0.4098,  0.0000,
          0.0000,  0.0089,  0.3764,  0.0000,  0.2343,  0.1720,  0.0066,  0.0000,
          0.0039, -0.7876,  0.0000,  0.0000,  0.0749,  0.0215,  0.0000,  0.0000]],
       device='cuda:0', grad_fn=<ViewBackward0>), tensor([[ 0.0000,  0.0000, -0.3671,  0.1443,  0.0000,  0.4055, -0.3441,  0.0000,
          0.0000, -0.1192,  0.0254, -0.1363,  0.0000,  0.0000,  0.0221,  0.0698,
          0.0735, -0.0479,  0.0000,  0.0365,  0.0000,  0.0000,  0.3769,  0.0995,
          0.0000,  0.0996,  0.0677,  0.0000,  0.1676, -0.1355,  0.0000,  0.0000,
          0.0213,  0.0339,  0.0000,  0.0000,  0.0000,  0.0000,  0.0000,  0.0624,
          0.0000, -0.2020,  0.2600,  0.3332,  0.0000,  0.0091,  0.0000,  0.0000,
          0.0000,  0.0347,  0.1573,  0.0000,  0.0852,  0.0000,  0.0000,  0.0301,
          0.3047,  0.1095, -0.1912,  0.0000,  0.0344,  0.1455,  0.2781,  0.0000]],
       device='cuda:0', grad_fn=<ViewBackward0>)]

instance 1 is verified with lb tensor([1.9696], device='cuda:0', grad_fn=<SelectBackward0>) and C tensor([[[ 0., -1.,  0.,  0.,  0.,  0.,  0.,  1.,  0.,  0.]]], device='cuda:0')

instance 2 is not verified with lb tensor([-3.9074], device='cuda:0', grad_fn=<SelectBackward0>) and C tensor([[[ 0.,  0., -1.,  0.,  0.,  0.,  0.,  1.,  0.,  0.]]], device='cuda:0')

Bab round 1
batch: 1
split depth step: 7
split depth total: 7
torch.Size([384, 128]) torch.Size([1, 384, 10]) torch.Size([384, 128])
using CROWN
[tensor([[ 6.3551e-02, -4.3343e-01,  3.7832e-02,  0.0000e+00,  2.2536e-01,
          0.0000e+00, -4.1499e-02,  0.0000e+00,  0.0000e+00,  2.7853e-01,
          0.0000e+00,  1.0538e-04,  3.5590e-01, -9.9236e-02,  0.0000e+00,
          0.0000e+00,  0.0000e+00,  0.0000e+00,  3.7510e-02,  0.0000e+00,
         -4.1635e-01,  5.3236e-02,  0.0000e+00,  8.3910e-02,  0.0000e+00,
         -7.2663e-02,  5.3199e-02,  6.8730e-02,  1.1864e-01,  3.4950e-01,
         -4.6547e-02,  1.2188e-01,  0.0000e+00,  0.0000e+00,  0.0000e+00,
          0.0000e+00, -7.4289e-02,  0.0000e+00,  0.0000e+00,  0.0000e+00,
          4.7372e-01,  0.0000e+00,  0.0000e+00,  0.0000e+00, -3.3386e-02,
          5.1766e-02,  0.0000e+00,  2.8183e-01, -5.8615e-01,  0.0000e+00,
         -1.1222e-01,  0.0000e+00,  0.0000e+00,  0.0000e+00,  4.6085e-01,
          0.0000e+00,  0.0000e+00,  1.5738e-01,  0.0000e+00,  0.0000e+00,
         -1.3595e-01,  0.0000e+00,  0.0000e+00,  0.0000e+00,  0.0000e+00,
          0.0000e+00,  0.0000e+00,  0.0000e+00,  0.0000e+00,  0.0000e+00,
         -8.6994e-02,  1.2784e-02,  0.0000e+00, -1.2838e-01,  0.0000e+00,
          0.0000e+00, -1.5422e-02,  0.0000e+00,  0.0000e+00, -3.6007e-02,
          0.0000e+00,  0.0000e+00,  1.7032e-01, -9.1601e-02,  0.0000e+00,
         -5.3406e-04,  0.0000e+00,  8.9169e-04,  5.4787e-01,  0.0000e+00,
          1.6143e-01,  0.0000e+00, -5.7870e-02,  0.0000e+00,  1.2649e-02,
          1.2441e-01,  0.0000e+00,  0.0000e+00,  3.6291e-01,  0.0000e+00,
          1.2087e-01,  0.0000e+00,  4.5805e-03,  0.0000e+00,  0.0000e+00,
          9.6541e-02,  0.0000e+00,  0.0000e+00, -2.4745e-01,  0.0000e+00,
          1.6720e-01,  0.0000e+00,  0.0000e+00,  8.7719e-02,  1.1019e-01,
         -8.1948e-02,  1.8145e-01,  2.3997e-02,  4.4159e-01,  0.0000e+00,
         -9.8225e-02,  0.0000e+00,  0.0000e+00,  0.0000e+00,  2.8037e-01,
          1.2901e-01,  0.0000e+00,  0.0000e+00]], device='cuda:0',
       grad_fn=<ViewBackward0>), tensor([[ 0.0000,  0.0000,  0.0159,  0.5824,  0.0000,  0.0945,  0.0000,  0.0000,
          0.0000,  0.3783,  0.0000,  0.0000,  0.0000,  0.0000, -0.0328,  0.4112,
          0.3765,  0.1438,  0.0000,  0.6460,  0.0000,  0.0000,  0.0414,  0.3242,
          0.0000,  1.1431,  1.0680,  0.0000,  1.0534,  0.0000,  0.2323,  0.0000,
          1.3804,  0.0796,  0.0000,  0.0000,  0.0000,  0.0000, -0.4608,  0.6890,
         -0.0926,  0.0000,  0.0191,  0.4244,  0.0000,  0.6458,  0.0000,  0.0000,
         -0.2743,  0.2272,  0.4107, -0.1367,  0.0537, -0.4222,  0.0000,  0.8380,
          0.8596,  0.3942, -0.0980,  0.0000, -0.0184,  0.0000,  0.0406, -0.4656]],
       device='cuda:0', grad_fn=<ViewBackward0>), tensor([[ 9.2290e-02,  0.0000e+00,  1.1993e-02,  0.0000e+00,  1.0293e-01,
          0.0000e+00,  0.0000e+00,  0.0000e+00, -9.3388e-02,  1.9600e-01,
          0.0000e+00,  8.3113e-04,  1.4872e-01,  0.0000e+00,  0.0000e+00,
          0.0000e+00,  0.0000e+00,  0.0000e+00,  3.1376e-01,  0.0000e+00,
          0.0000e+00,  5.9075e-03, -2.7723e-01,  4.5892e-02,  0.0000e+00,
          0.0000e+00,  7.0562e-02,  1.0040e-02,  2.8631e-01,  1.8690e-01,
          0.0000e+00,  1.1101e-02,  0.0000e+00,  0.0000e+00,  0.0000e+00,
         -2.1737e-02,  0.0000e+00,  0.0000e+00,  0.0000e+00,  0.0000e+00,
          2.5172e-02, -5.1482e-02,  0.0000e+00,  0.0000e+00,  0.0000e+00,
          1.0840e-01,  0.0000e+00,  8.4313e-02,  0.0000e+00,  0.0000e+00,
          0.0000e+00,  0.0000e+00, -3.9644e-03, -2.9124e-01,  2.0281e-02,
          0.0000e+00,  0.0000e+00,  9.0789e-02,  0.0000e+00,  0.0000e+00,
          0.0000e+00,  0.0000e+00,  0.0000e+00, -1.5580e-01,  0.0000e+00,
         -1.1769e-01,  0.0000e+00,  0.0000e+00,  0.0000e+00,  0.0000e+00,
          0.0000e+00,  1.6309e-01,  0.0000e+00,  0.0000e+00,  0.0000e+00,
         -1.3131e-01,  0.0000e+00,  0.0000e+00,  0.0000e+00,  0.0000e+00,
          0.0000e+00,  0.0000e+00,  2.2184e-01,  0.0000e+00,  0.0000e+00,
          0.0000e+00,  0.0000e+00,  7.2384e-04,  9.8490e-02,  0.0000e+00,
          5.8115e-02,  0.0000e+00,  0.0000e+00,  0.0000e+00,  2.1284e-01,
          4.6554e-02, -1.8454e+00, -1.3243e-02,  3.9753e-02,  0.0000e+00,
          8.7069e-02,  0.0000e+00,  5.1832e-04,  0.0000e+00,  0.0000e+00,
          1.3621e-01, -2.7365e-02,  0.0000e+00,  0.0000e+00,  0.0000e+00,
          3.2735e-01,  0.0000e+00,  0.0000e+00,  1.1227e-02,  4.5576e-01,
          0.0000e+00,  2.4730e-01,  9.8982e-02,  6.4487e-03,  0.0000e+00,
          0.0000e+00, -2.1524e-01,  0.0000e+00,  0.0000e+00,  1.1973e-01,
          1.3540e-02,  0.0000e+00,  0.0000e+00]], device='cuda:0',
       grad_fn=<ViewBackward0>), tensor([[ 0.0000,  0.0000,  0.4987,  0.1332,  0.0000,  0.1805, -0.1389,  0.0000,
          0.0000,  0.1433, -0.0718, -0.0347,  0.0000,  0.0000,  0.0000,  0.2742,
          0.2448,  0.1103,  0.0000,  0.0655,  0.0000,  0.0000,  0.0596,  0.0353,
          0.0000,  0.1177,  0.0811,  0.0000,  0.1729, -0.3001,  0.0335,  0.0000,
          0.0202,  0.0145,  0.0000,  0.0000,  0.0000,  0.0000,  0.0000,  0.0941,
          0.0000, -0.6136,  0.0269,  0.3379,  0.0000,  0.0142,  0.0000,  0.0000,
          0.0000,  0.0414,  0.1311,  0.0000,  0.0715,  0.0000,  0.0000,  0.0264,
          0.2238,  0.0810,  0.0000,  0.0000,  0.0000, -0.2800,  0.0410,  0.0000]],
       device='cuda:0', grad_fn=<ViewBackward0>)]

instance 3 is not verified with lb tensor([-5.6776], device='cuda:0', grad_fn=<SelectBackward0>) and C tensor([[[ 0.,  0.,  0., -1.,  0.,  0.,  0.,  1.,  0.,  0.]]], device='cuda:0')

Bab round 1
batch: 1
split depth step: 7
split depth total: 7
torch.Size([384, 128]) torch.Size([1, 384, 10]) torch.Size([384, 128])
using CROWN
[tensor([[ 0.0000e+00, -5.0811e-01,  1.4299e-01,  0.0000e+00,  5.1930e-02,
          0.0000e+00, -3.6173e-02,  0.0000e+00, -8.2493e-05,  2.7763e-01,
          0.0000e+00,  0.0000e+00,  1.3366e-01, -7.1663e-02,  0.0000e+00,
          0.0000e+00,  0.0000e+00,  0.0000e+00,  9.4080e-03,  0.0000e+00,
         -3.3532e-01,  1.6608e-01,  0.0000e+00,  2.4337e-02,  0.0000e+00,
         -1.0046e-02,  0.0000e+00, -1.9796e-01,  1.0039e-01,  2.8729e-01,
         -3.9569e-02, -1.6153e-01,  0.0000e+00,  0.0000e+00,  0.0000e+00,
          0.0000e+00,  5.8276e-02,  0.0000e+00,  0.0000e+00,  0.0000e+00,
          7.1335e-02,  0.0000e+00,  0.0000e+00,  0.0000e+00,  1.5483e-01,
          1.0659e-01,  0.0000e+00,  1.1841e-01,  1.9027e-01,  0.0000e+00,
         -1.5488e-01,  0.0000e+00,  0.0000e+00,  0.0000e+00,  2.6453e-01,
          0.0000e+00,  0.0000e+00,  1.2834e-01,  0.0000e+00,  0.0000e+00,
         -2.2069e-01,  0.0000e+00,  0.0000e+00,  0.0000e+00,  0.0000e+00,
          6.4844e-02,  0.0000e+00,  0.0000e+00,  0.0000e+00,  0.0000e+00,
          5.3601e-02,  7.3099e-03,  0.0000e+00,  3.7972e-01,  0.0000e+00,
          0.0000e+00, -1.7571e-03,  0.0000e+00,  0.0000e+00, -1.3941e-01,
          0.0000e+00,  0.0000e+00,  6.6908e-01, -1.0546e-01,  0.0000e+00,
          0.0000e+00,  0.0000e+00,  1.0290e-01,  4.6543e-01,  0.0000e+00,
          1.1768e-01,  0.0000e+00, -5.8241e-02,  0.0000e+00,  1.1329e-02,
          6.3815e-02,  0.0000e+00,  0.0000e+00,  5.3091e-01,  0.0000e+00,
          2.8382e-01,  0.0000e+00,  1.5527e-01,  0.0000e+00,  0.0000e+00,
          3.5408e-01,  4.8996e-02,  0.0000e+00, -4.4137e-01,  0.0000e+00,
          1.0548e-01,  0.0000e+00,  0.0000e+00,  7.0408e-02,  4.1012e-02,
          7.6628e-03,  3.4277e-01,  2.1708e-01,  3.9960e-01,  0.0000e+00,
          1.5249e-01,  0.0000e+00,  0.0000e+00,  0.0000e+00,  3.0573e-01,
          1.6745e-01,  0.0000e+00,  0.0000e+00]], device='cuda:0',
       grad_fn=<ViewBackward0>), tensor([[ 0.0000e+00,  0.0000e+00,  0.0000e+00,  5.7217e-02,  0.0000e+00,
          9.2826e-02,  2.0575e-01,  0.0000e+00,  0.0000e+00, -1.1844e-01,
         -7.9107e-04,  0.0000e+00,  0.0000e+00,  0.0000e+00,  5.0253e-01,
          1.3470e-01,  2.1747e-01,  2.8728e-01,  0.0000e+00,  6.7315e-01,
          0.0000e+00,  0.0000e+00,  2.3110e-01,  8.3676e-01,  0.0000e+00,
          6.3140e-01,  1.5927e+00,  0.0000e+00,  2.0269e+00,  0.0000e+00,
          7.8099e-01,  0.0000e+00,  7.7401e-01, -1.0658e-01,  0.0000e+00,
          0.0000e+00,  0.0000e+00,  0.0000e+00, -1.3483e-01,  1.3543e+00,
          3.2235e-01,  0.0000e+00,  2.9049e-01,  1.3020e-02,  0.0000e+00,
          3.0021e-01,  0.0000e+00,  0.0000e+00,  2.9766e-01, -2.1656e-01,
         -1.2131e-01, -2.2615e-01,  6.9319e-01,  6.1733e-01,  0.0000e+00,
          8.1272e-01, -1.8698e-02, -3.9727e-02, -1.6958e-02,  0.0000e+00,
         -2.6090e-01,  0.0000e+00,  6.8564e-01, -3.2917e-01]], device='cuda:0',
       grad_fn=<ViewBackward0>), tensor([[-1.9528e-01,  0.0000e+00,  4.2120e-02,  0.0000e+00,  2.9150e-02,
          0.0000e+00,  0.0000e+00,  0.0000e+00, -1.0361e-02,  2.3028e-01,
          0.0000e+00, -1.2358e-01,  7.0428e-02,  0.0000e+00,  0.0000e+00,
          0.0000e+00,  0.0000e+00,  0.0000e+00,  1.1908e-01,  0.0000e+00,
          0.0000e+00,  1.2866e-02, -1.8945e-03,  1.3093e-02,  0.0000e+00,
          0.0000e+00, -8.0041e-02,  0.0000e+00,  2.2916e-01,  1.4866e-01,
         -1.9073e-06,  0.0000e+00,  0.0000e+00,  0.0000e+00,  0.0000e+00,
         -4.2246e-02,  8.6212e-04,  0.0000e+00,  0.0000e+00,  0.0000e+00,
          5.6834e-03, -1.3670e-02,  0.0000e+00,  0.0000e+00,  1.9398e-02,
          1.4795e-01,  0.0000e+00,  4.5452e-02,  1.5666e-02,  0.0000e+00,
          0.0000e+00,  0.0000e+00, -3.2992e-02, -2.1996e-01,  1.8596e-02,
          0.0000e+00,  0.0000e+00,  1.3323e-01,  0.0000e+00,  0.0000e+00,
          0.0000e+00,  0.0000e+00,  0.0000e+00, -9.6392e-02,  0.0000e+00,
          2.5118e-01,  0.0000e+00,  0.0000e+00,  0.0000e+00,  0.0000e+00,
          2.2918e-02,  1.0110e-01,  0.0000e+00,  6.7532e-02,  0.0000e+00,
         -3.4538e-02, -1.0872e-02,  0.0000e+00,  0.0000e+00,  0.0000e+00,
          0.0000e+00,  0.0000e+00,  5.3420e-01,  0.0000e+00,  0.0000e+00,
         -2.8605e-03,  0.0000e+00,  6.6919e-02,  6.5128e-02,  0.0000e+00,
          4.3715e-02,  0.0000e+00,  0.0000e+00,  0.0000e+00,  1.6323e-01,
          3.6334e-02, -1.4817e+00, -7.1385e-01,  4.0063e-02,  0.0000e+00,
          1.8476e-01,  0.0000e+00,  1.5658e-02,  0.0000e+00,  0.0000e+00,
          3.4822e-01,  6.8420e-02,  0.0000e+00,  0.0000e+00,  0.0000e+00,
          3.2727e-01,  0.0000e+00,  0.0000e+00,  1.1704e-02,  2.6700e-01,
          2.7671e-03,  2.9726e-01,  5.7449e-01,  5.5180e-03,  0.0000e+00,
          2.4058e-02, -3.3463e-01,  0.0000e+00,  0.0000e+00,  1.1472e-01,
          2.0018e-02,  0.0000e+00,  0.0000e+00]], device='cuda:0',
       grad_fn=<ViewBackward0>), tensor([[ 0.0000,  0.0000, -0.7532,  0.0247,  0.0000,  0.1515,  0.1538,  0.0000,
          0.0000,  0.0000,  0.0000, -0.2947,  0.0000,  0.0000,  0.0319,  0.1770,
          0.1425,  0.2056,  0.0000,  0.0682,  0.0000,  0.0000,  0.3814,  0.0507,
          0.0000,  0.1084,  0.0796,  0.0000,  0.1063, -0.3433,  0.0498,  0.0000,
          0.0147,  0.0000,  0.0000,  0.0000,  0.0000,  0.0000,  0.0000,  0.0528,
          0.0627, -0.1523,  0.2672,  0.0273,  0.0000,  0.0075,  0.0000,  0.0000,
          0.0213,  0.0000,  0.0000,  0.0000,  0.3462,  0.1528,  0.0000,  0.0267,
          0.0000,  0.0000,  0.0000,  0.0000,  0.0000, -0.4510,  0.2994,  0.0000]],
       device='cuda:0', grad_fn=<ViewBackward0>)]

instance 4 is verified with lb tensor([4.4663], device='cuda:0', grad_fn=<SelectBackward0>) and C tensor([[[ 0.,  0.,  0.,  0., -1.,  0.,  0.,  1.,  0.,  0.]]], device='cuda:0')

instance 5 is not verified with lb tensor([-3.8401], device='cuda:0', grad_fn=<SelectBackward0>) and C tensor([[[ 0.,  0.,  0.,  0.,  0., -1.,  0.,  1.,  0.,  0.]]], device='cuda:0')

Bab round 1
batch: 1
split depth step: 7
split depth total: 7
torch.Size([384, 128]) torch.Size([1, 384, 10]) torch.Size([384, 128])
using CROWN
[tensor([[ 0.0000e+00, -4.1240e-01, -3.6628e-02,  0.0000e+00, -6.7997e-03,
          0.0000e+00, -3.4502e-02,  0.0000e+00,  0.0000e+00,  1.5128e-01,
          0.0000e+00,  0.0000e+00,  1.1320e-01, -1.1855e-01,  0.0000e+00,
          0.0000e+00,  0.0000e+00,  0.0000e+00,  5.6019e-03,  0.0000e+00,
         -2.8063e-01, -6.4462e-02,  0.0000e+00, -4.2665e-02,  0.0000e+00,
         -1.1441e-01,  6.2899e-02, -3.9874e-01,  1.6159e-02,  9.7034e-02,
          0.0000e+00,  5.2012e-01,  0.0000e+00,  0.0000e+00,  0.0000e+00,
          0.0000e+00, -1.7676e-01,  0.0000e+00,  0.0000e+00,  0.0000e+00,
          2.4408e-01,  0.0000e+00,  0.0000e+00,  0.0000e+00, -2.1189e-02,
          1.2494e-01,  0.0000e+00,  2.0223e-01,  1.0376e+00,  0.0000e+00,
         -1.0895e-01,  0.0000e+00,  0.0000e+00,  0.0000e+00,  4.3726e-01,
          0.0000e+00,  0.0000e+00,  7.3664e-02,  0.0000e+00,  0.0000e+00,
         -1.9122e-01,  0.0000e+00,  0.0000e+00,  0.0000e+00,  0.0000e+00,
          1.0309e-01,  0.0000e+00,  0.0000e+00,  0.0000e+00,  0.0000e+00,
         -6.2837e-02,  0.0000e+00,  0.0000e+00,  2.9754e-01,  0.0000e+00,
          0.0000e+00, -4.4981e-02,  0.0000e+00,  0.0000e+00,  5.5721e-01,
          0.0000e+00,  0.0000e+00,  5.5529e-01, -5.2312e-02,  0.0000e+00,
         -2.1362e-04,  0.0000e+00,  0.0000e+00,  3.1701e-01,  0.0000e+00,
          1.1269e-01,  0.0000e+00, -2.9996e-02,  0.0000e+00,  5.4586e-02,
          1.7370e-02,  0.0000e+00,  0.0000e+00,  2.8791e-01,  0.0000e+00,
          2.2622e-01,  0.0000e+00,  1.2413e-01,  0.0000e+00,  0.0000e+00,
          2.9498e-01,  0.0000e+00,  0.0000e+00, -2.7583e-02,  0.0000e+00,
          1.9495e-01,  0.0000e+00,  0.0000e+00, -4.8507e-02,  5.5667e-02,
         -3.9474e-02,  2.4344e-01,  2.0113e-01,  2.1839e-01,  0.0000e+00,
          1.6446e-01,  0.0000e+00,  0.0000e+00,  0.0000e+00,  1.3489e-01,
          1.7913e-01,  0.0000e+00,  0.0000e+00]], device='cuda:0',
       grad_fn=<ViewBackward0>), tensor([[ 0.0000,  0.0000,  0.0168, -0.0625,  0.0000,  0.0000,  0.0000,  0.0000,
          0.0000,  0.0000,  0.1158,  0.0000,  0.0000,  0.0000, -0.2913,  0.0000,
          0.1216,  0.3247,  0.0000, -0.2728,  0.0000,  0.0000,  0.2921,  0.0930,
          0.0000,  0.9844,  2.3805,  0.0000,  1.4508,  0.1989,  1.1876,  0.0000,
          0.1216,  0.0465,  0.0000,  0.0000,  0.0000,  0.0000, -0.3983,  0.6159,
          0.3537,  0.1625,  0.3891,  0.0651,  0.0000,  0.6835,  0.0000,  0.0000,
         -0.2573,  0.4077, -0.1035, -0.1764,  0.6443,  0.1431,  0.0000,  0.7260,
          0.1901,  0.8371, -0.0525,  0.0000, -0.3149,  0.0000,  0.9457, -0.7255]],
       device='cuda:0', grad_fn=<ViewBackward0>), tensor([[-1.9163e-01,  0.0000e+00,  0.0000e+00,  0.0000e+00, -9.9182e-05,
          0.0000e+00,  0.0000e+00,  0.0000e+00, -6.2803e-02,  1.5395e-01,
          0.0000e+00, -1.7703e-01,  6.5645e-02,  0.0000e+00,  0.0000e+00,
          0.0000e+00,  0.0000e+00,  0.0000e+00,  6.9843e-02,  0.0000e+00,
          0.0000e+00,  0.0000e+00, -5.3771e-02,  0.0000e+00,  0.0000e+00,
          0.0000e+00,  6.2973e-02,  0.0000e+00,  6.5766e-02,  8.6410e-02,
         -2.9197e-01,  2.5064e-02,  0.0000e+00,  0.0000e+00,  0.0000e+00,
         -3.7624e-02,  0.0000e+00,  0.0000e+00,  0.0000e+00,  0.0000e+00,
          1.6825e-02, -9.5181e-03,  0.0000e+00,  0.0000e+00,  0.0000e+00,
          1.1087e-01,  0.0000e+00,  6.8032e-02,  7.2561e-02,  0.0000e+00,
          0.0000e+00,  0.0000e+00, -5.5285e-02, -1.8398e-02,  2.3494e-02,
          0.0000e+00,  0.0000e+00,  6.9090e-02,  0.0000e+00,  0.0000e+00,
          0.0000e+00,  0.0000e+00,  0.0000e+00, -2.3548e-01,  0.0000e+00,
          1.9440e-01,  0.0000e+00,  0.0000e+00,  0.0000e+00,  0.0000e+00,
          0.0000e+00, -2.8949e-01,  0.0000e+00,  5.3891e-02,  0.0000e+00,
         -1.4161e-01,  0.0000e+00,  0.0000e+00,  0.0000e+00,  1.2268e-01,
          0.0000e+00,  0.0000e+00,  4.1240e-01,  0.0000e+00,  0.0000e+00,
          0.0000e+00,  0.0000e+00, -5.5668e-02,  7.5501e-02,  0.0000e+00,
          4.1495e-02,  0.0000e+00,  0.0000e+00,  0.0000e+00,  3.7247e-01,
          1.0007e-02, -9.8949e-02, -9.8719e-01,  4.1323e-02,  0.0000e+00,
          9.3485e-02,  0.0000e+00,  1.3434e-02,  0.0000e+00,  0.0000e+00,
          2.7955e-01, -9.1395e-02,  0.0000e+00,  0.0000e+00,  0.0000e+00,
          3.7836e-01,  0.0000e+00,  0.0000e+00,  0.0000e+00,  2.2356e-01,
          0.0000e+00,  2.5664e-01,  5.4372e-01,  5.0230e-03,  0.0000e+00,
          2.1029e-02, -6.6259e-02,  0.0000e+00,  0.0000e+00,  9.3862e-02,
          2.0178e-02,  0.0000e+00,  0.0000e+00]], device='cuda:0',
       grad_fn=<ViewBackward0>), tensor([[ 0.0000,  0.0000,  0.5569,  0.0000,  0.0000, -0.2521, -0.0837,  0.0000,
          0.0000, -0.0164,  0.0568, -0.0212,  0.0000,  0.0000,  0.0000, -0.0183,
          0.1071,  0.1571,  0.0000,  0.0000,  0.0000,  0.0000,  0.2568,  0.0157,
          0.0000,  0.0965,  0.0897,  0.0000,  0.1636,  0.1131,  0.0900,  0.0000,
          0.0063,  0.0106,  0.0000,  0.0000,  0.0000,  0.0000,  0.0000,  0.0915,
          0.0785,  0.6526,  0.2996,  0.1003,  0.0000,  0.0153,  0.0000,  0.0000,
          0.0000,  0.0390,  0.0000,  0.0000,  0.4304,  0.0725,  0.0000,  0.0296,
          0.1264,  0.1001,  0.0000,  0.0000,  0.0000, -0.1472,  0.3587,  0.0000]],
       device='cuda:0', grad_fn=<ViewBackward0>)]

instance 6 is verified with lb tensor([4.5039], device='cuda:0', grad_fn=<SelectBackward0>) and C tensor([[[ 0.,  0.,  0.,  0.,  0.,  0., -1.,  1.,  0.,  0.]]], device='cuda:0')

instance 7 is not verified with lb tensor([-4.7792], device='cuda:0', grad_fn=<SelectBackward0>) and C tensor([[[ 0.,  0.,  0.,  0.,  0.,  0.,  0.,  1., -1.,  0.]]], device='cuda:0')

Bab round 1
batch: 1
split depth step: 7
split depth total: 7
torch.Size([384, 128]) torch.Size([1, 384, 10]) torch.Size([384, 128])
using CROWN
[tensor([[ 0.0000e+00, -5.6663e-01,  1.8628e-01,  0.0000e+00,  2.4546e-02,
          0.0000e+00, -1.9339e-02,  0.0000e+00,  0.0000e+00,  2.3791e-01,
          0.0000e+00,  0.0000e+00,  2.2538e-01, -5.6733e-02,  0.0000e+00,
          0.0000e+00,  0.0000e+00,  0.0000e+00,  2.6308e-02,  0.0000e+00,
         -6.4692e-01,  5.4115e-02,  0.0000e+00, -8.4916e-02,  0.0000e+00,
         -1.1159e-01,  0.0000e+00, -2.1627e-01,  7.5019e-02,  2.6993e-01,
          0.0000e+00,  4.7387e-01,  0.0000e+00,  0.0000e+00,  0.0000e+00,
          1.5274e-02, -2.9609e-02,  0.0000e+00,  0.0000e+00,  0.0000e+00,
          3.6649e-01,  0.0000e+00,  0.0000e+00,  0.0000e+00,  6.3600e-02,
          8.9166e-02,  0.0000e+00,  2.0432e-01,  3.4481e-01,  0.0000e+00,
         -2.6472e-01,  0.0000e+00,  3.0971e-03,  0.0000e+00,  3.8772e-01,
          0.0000e+00,  0.0000e+00,  1.4340e-01,  0.0000e+00,  0.0000e+00,
         -1.3992e-01,  0.0000e+00,  0.0000e+00,  0.0000e+00,  0.0000e+00,
          2.3904e-03,  0.0000e+00,  0.0000e+00,  0.0000e+00,  0.0000e+00,
         -1.0679e-01,  1.5567e-02,  0.0000e+00,  1.7734e-01,  0.0000e+00,
          0.0000e+00, -5.8985e-04,  0.0000e+00,  0.0000e+00, -3.4612e-01,
          0.0000e+00,  0.0000e+00,  2.3854e-01, -3.3080e-02,  0.0000e+00,
         -1.0586e-04,  0.0000e+00,  0.0000e+00,  4.1900e-01,  0.0000e+00,
          1.5870e-01,  0.0000e+00, -5.3340e-02,  0.0000e+00,  4.9251e-02,
          1.7808e-01,  0.0000e+00,  0.0000e+00,  2.7981e-01,  0.0000e+00,
          2.7344e-01,  0.0000e+00,  2.3318e-01,  0.0000e+00,  0.0000e+00,
          2.6565e-01,  0.0000e+00,  0.0000e+00, -1.8101e-03,  0.0000e+00,
          2.8084e-01,  0.0000e+00,  0.0000e+00,  1.7566e-01,  0.0000e+00,
         -1.9750e-01,  3.0650e-01,  2.5658e-01,  2.1594e-01,  0.0000e+00,
          8.4403e-02,  0.0000e+00,  0.0000e+00,  0.0000e+00,  2.6934e-01,
          2.2605e-01,  0.0000e+00,  0.0000e+00]], device='cuda:0',
       grad_fn=<ViewBackward0>), tensor([[ 0.0000e+00,  0.0000e+00,  0.0000e+00,  6.4405e-01,  0.0000e+00,
          5.7369e-01,  0.0000e+00,  0.0000e+00,  0.0000e+00, -1.1962e-02,
         -2.2991e-02,  3.3293e-01,  0.0000e+00,  0.0000e+00,  7.6209e-01,
          0.0000e+00,  5.0684e-01, -2.9743e-02,  0.0000e+00, -2.9846e-01,
          0.0000e+00,  0.0000e+00,  7.5619e-02,  1.1845e+00,  0.0000e+00,
          9.7113e-01,  1.1589e+00,  0.0000e+00,  1.8857e+00,  9.7109e-02,
          9.2655e-01,  0.0000e+00,  9.7551e-01,  6.4874e-02,  0.0000e+00,
          0.0000e+00,  0.0000e+00,  0.0000e+00, -3.0780e-01,  1.2770e+00,
          8.0079e-01,  0.0000e+00, -6.6757e-06,  3.1202e-01,  0.0000e+00,
          2.0065e-01,  0.0000e+00,  0.0000e+00, -1.1986e-01,  2.2839e-01,
         -4.7115e-02, -1.1010e-01,  3.9928e-01, -1.7028e-01,  0.0000e+00,
          3.6138e-01,  1.3374e-01,  8.2078e-01,  7.7113e-02,  0.0000e+00,
          1.8762e-02,  0.0000e+00,  6.4222e-01, -6.6331e-01]], device='cuda:0',
       grad_fn=<ViewBackward0>), tensor([[-0.2729,  0.0000,  0.0354,  0.0000,  0.0176,  0.0000,  0.0000,  0.0000,
         -0.1315,  0.2527,  0.0000, -0.0836,  0.1574,  0.0000,  0.0000,  0.0000,
          0.0000,  0.0000,  0.2621,  0.0000,  0.0000,  0.0087, -0.0747,  0.0000,
          0.0000,  0.0000, -0.1138,  0.0000,  0.2256,  0.1820, -0.5047,  0.0321,
          0.0000,  0.0000,  0.0000,  0.0196,  0.0000,  0.0000,  0.0000,  0.0000,
          0.0247, -0.0028,  0.0000,  0.0000,  0.0076,  0.1254,  0.0000,  0.0773,
          0.0344,  0.0000,  0.0000,  0.0000,  0.0046, -0.0708,  0.0277,  0.0000,
          0.0000,  0.1170,  0.0000,  0.0000,  0.0000,  0.0000,  0.0000, -0.4703,
          0.0000,  0.0055,  0.0000,  0.0000,  0.0000,  0.0000,  0.0000,  0.2419,
          0.0000,  0.0354,  0.0000, -0.4155, -0.0099,  0.0000,  0.0000,  0.0000,
          0.0000,  0.0000,  0.2797,  0.0000,  0.0000,  0.0000,  0.0000, -0.0137,
          0.1074,  0.0000,  0.0517,  0.0000,  0.0000,  0.0000,  0.4899,  0.0683,
         -0.7754, -0.5487,  0.0395,  0.0000,  0.1343,  0.0000,  0.0208,  0.0000,
          0.0000,  0.2616, -0.0403,  0.0000,  0.0000,  0.0000,  0.4660,  0.0000,
          0.0000,  0.0216, -0.0139,  0.0000,  0.3491,  0.7516,  0.0048,  0.0000,
          0.0127, -1.0968,  0.0000,  0.0000,  0.1680,  0.0197,  0.0000,  0.0000]],
       device='cuda:0', grad_fn=<ViewBackward0>), tensor([[ 0.0000e+00,  0.0000e+00, -3.2458e-01,  1.6170e-01,  0.0000e+00,
          5.2545e-01, -3.8828e-02,  0.0000e+00,  0.0000e+00, -2.8968e-03,
         -1.2152e-02,  5.9499e-01,  0.0000e+00,  0.0000e+00,  6.4259e-02,
         -2.1853e-03,  1.9463e-01,  0.0000e+00,  0.0000e+00,  0.0000e+00,
          0.0000e+00,  0.0000e+00,  9.4199e-02,  9.7501e-02,  0.0000e+00,
          1.2204e-01,  5.6759e-02,  0.0000e+00,  1.6656e-01,  7.1908e-02,
          8.4132e-02,  0.0000e+00,  3.0180e-02,  1.6373e-02,  0.0000e+00,
          0.0000e+00,  0.0000e+00,  0.0000e+00,  0.0000e+00,  1.0282e-01,
          1.6634e-01, -1.2916e-01,  1.3351e-05,  3.2176e-01,  0.0000e+00,
          7.5746e-03,  0.0000e+00,  0.0000e+00,  0.0000e+00,  3.3658e-02,
          0.0000e+00,  0.0000e+00,  2.7688e-01,  0.0000e+00,  0.0000e+00,
          1.7238e-02,  9.4830e-02,  1.2080e-01,  3.9435e-02,  0.0000e+00,
          1.6184e-03, -4.1745e-01,  2.9201e-01,  0.0000e+00]], device='cuda:0',
       grad_fn=<ViewBackward0>)]

instance 8 is not verified with lb tensor([-2.5932], device='cuda:0', grad_fn=<SelectBackward0>) and C tensor([[[ 0.,  0.,  0.,  0.,  0.,  0.,  0.,  1.,  0., -1.]]], device='cuda:0')

Bab round 1
batch: 1
split depth step: 7
split depth total: 7
torch.Size([384, 128]) torch.Size([1, 384, 10]) torch.Size([384, 128])
using CROWN
[tensor([[ 0.0000, -0.3701,  0.0562,  0.0000,  0.0294,  0.0000, -0.0276,  0.0000,
         -0.0438,  0.0961,  0.0000,  0.0000,  0.0000, -0.0519,  0.0000,  0.0000,
          0.0000,  0.0000,  0.0453,  0.0000, -0.5482,  0.0962,  0.0000, -0.0559,
          0.0000,  0.0448,  0.0000,  0.1107,  0.1013,  0.2075,  0.0000,  0.0917,
          0.0000,  0.0000,  0.0000,  0.0000, -0.0713,  0.0000,  0.0000,  0.0000,
         -0.2793,  0.1035,  0.0000,  0.0000, -0.0205,  0.0627,  0.0000, -0.0137,
          0.2445,  0.0000, -0.0749,  0.0000,  0.0000,  0.0000,  0.0659,  0.0000,
          0.0000,  0.0775,  0.0000,  0.0000, -0.2087,  0.0000,  0.0000,  0.0000,
          0.0000,  0.0000,  0.0000,  0.0000,  0.0000,  0.0000,  0.0719,  0.0111,
          0.0000,  0.3262,  0.0000,  0.0000, -0.0164,  0.0000,  0.0000, -0.3293,
          0.0000,  0.0000,  0.4392,  0.0613,  0.0000,  0.0000,  0.0000,  0.0000,
          0.1140,  0.0000,  0.0127,  0.0000,  0.0175,  0.0000,  0.0239,  0.1705,
          0.0000,  0.0068,  0.2452,  0.0000,  0.1159,  0.0000,  0.2610,  0.0000,
          0.0000,  0.2010,  0.0000,  0.0000, -0.1797,  0.0000,  0.1693,  0.0000,
          0.0000,  0.0788,  0.0000, -0.1419,  0.1932,  0.2862,  0.1457,  0.0000,
          0.1928,  0.0000,  0.0000,  0.0000,  0.1978,  0.2572,  0.0000,  0.0000]],
       device='cuda:0', grad_fn=<ViewBackward0>), tensor([[ 0.0000e+00,  0.0000e+00,  1.6432e-03, -1.2888e-01,  0.0000e+00,
          7.9538e-01,  0.0000e+00,  0.0000e+00,  0.0000e+00,  0.0000e+00,
          0.0000e+00,  0.0000e+00,  0.0000e+00,  0.0000e+00,  7.4819e-01,
          3.4690e-02,  9.5416e-01,  0.0000e+00,  0.0000e+00, -5.1065e-01,
          0.0000e+00,  0.0000e+00,  6.2299e-03,  8.6706e-01,  0.0000e+00,
          1.7407e-01,  2.0793e+00,  0.0000e+00,  1.0988e+00, -9.4376e-03,
          1.9007e-01,  0.0000e+00,  3.4192e-01, -1.2454e-01,  0.0000e+00,
          0.0000e+00,  0.0000e+00,  0.0000e+00,  3.0958e-01,  6.9609e-01,
          2.8475e-02,  7.3403e-02,  5.4534e-01,  1.2213e-01,  0.0000e+00,
         -2.2412e-01,  0.0000e+00,  0.0000e+00,  1.2195e-01, -2.5198e-01,
         -1.4788e-02, -1.1333e-01,  8.2392e-01, -1.4789e-01,  0.0000e+00,
          4.9242e-01,  3.0437e-01, -4.4410e-02,  0.0000e+00,  0.0000e+00,
          6.8291e-01,  0.0000e+00,  5.3351e-01, -7.5324e-01]], device='cuda:0',
       grad_fn=<ViewBackward0>), tensor([[-0.0472,  0.0000,  0.0151,  0.0000,  0.0257,  0.0000,  0.0000,  0.0000,
          0.0000,  0.0950,  0.0000, -0.4600, -0.0281,  0.0000,  0.0000,  0.0000,
          0.0000,  0.0000,  0.3820,  0.0000,  0.0000,  0.0127, -0.0254, -0.0016,
          0.0000,  0.0075, -0.2546,  0.0176,  0.2928,  0.1384, -0.5575,  0.0072,
          0.0000,  0.0000,  0.0000, -0.0153,  0.0000,  0.0000,  0.0000,  0.0000,
          0.0000,  0.0702,  0.0000,  0.0000,  0.0000,  0.0940,  0.0000,  0.0000,
          0.0234,  0.0000,  0.0000,  0.0000, -0.0260, -0.0205,  0.0109,  0.0000,
          0.0000,  0.0863,  0.0000,  0.0000,  0.0000,  0.0000,  0.0000, -0.0436,
          0.0000, -0.1226,  0.0000,  0.0000,  0.0000,  0.0000,  0.0239,  0.2202,
          0.0000,  0.0703,  0.0000, -0.3432,  0.0000,  0.0000,  0.0000,  0.0000,
          0.0000,  0.0000,  0.5010,  0.0032,  0.0000, -0.1175,  0.0000, -0.0300,
          0.0450,  0.0000,  0.0092,  0.0000,  0.0044,  0.0000,  0.2655,  0.0667,
         -0.0400,  0.0234,  0.0385,  0.0000,  0.0678,  0.0000,  0.0162,  0.0000,
          0.0000,  0.1887, -0.0042,  0.0000,  0.0000,  0.0000,  0.3532,  0.0000,
          0.0000,  0.0117, -0.2520,  0.0000,  0.2394,  0.7274,  0.0049,  0.0000,
          0.0231, -0.7153,  0.0000,  0.0000,  0.1332,  0.0195,  0.0000,  0.0000]],
       device='cuda:0', grad_fn=<ViewBackward0>), tensor([[ 0.0000e+00,  0.0000e+00,  1.2083e-01,  0.0000e+00,  0.0000e+00,
          3.5234e-01, -1.8809e-01,  0.0000e+00,  0.0000e+00, -3.0144e-01,
         -3.7611e-02, -1.9070e-01,  0.0000e+00,  0.0000e+00,  3.7889e-02,
          7.1287e-02,  1.1454e-01, -2.4280e-01,  0.0000e+00,  0.0000e+00,
          0.0000e+00,  0.0000e+00,  6.9122e-03,  6.2702e-02,  0.0000e+00,
          6.4205e-02,  8.6922e-02,  0.0000e+00,  1.6650e-01,  0.0000e+00,
          3.8416e-02,  0.0000e+00,  1.6409e-02,  0.0000e+00,  0.0000e+00,
          0.0000e+00,  0.0000e+00,  0.0000e+00,  2.2872e-02,  8.6790e-02,
          1.4995e-02,  6.4731e-01,  2.6734e-01,  1.9946e-01,  0.0000e+00,
          0.0000e+00,  0.0000e+00,  0.0000e+00,  6.3467e-03,  0.0000e+00,
         -6.6757e-06,  0.0000e+00,  4.7520e-01,  0.0000e+00,  0.0000e+00,
          2.4203e-02,  3.1486e-01,  0.0000e+00, -4.6405e-01,  0.0000e+00,
          2.7478e-02, -7.2456e-02,  2.5924e-01,  0.0000e+00]], device='cuda:0',
       grad_fn=<ViewBackward0>)]

all batches are verified!
