use ReLU model
Network prediction: tensor([[ -2.1788,  -4.8912,  -0.2099,   0.3329,  -6.5422,  -1.6018, -11.8794,
           9.7545,  -2.4076,  -1.1615]], device='cuda:0',
       grad_fn=<AddmmBackward0>)
Verifiying Pertubation - 0.028
CROWN pre-activation
CROWN pre-activation
using CROWN
result from CROWN is: tensor([[-3.6849,  1.3470, -4.6224, -6.1797,  3.1863, -4.6148,  3.5089, -5.8204,
         -4.2707]], device='cuda:0', grad_fn=<AddBackward0>)
using alpha-CROWN
result from alpha CROWN is: tensor([[-2.7275,  1.9696, -3.9074, -5.6776,  4.4663, -3.8401,  4.5039, -4.7792,
         -2.5932]], device='cuda:0', grad_fn=<MaximumBackward0>)
using alpha-beta-CROWN
size of unstable nuerons: 114

instance 0 is not verified with lb tensor([-2.7275], device='cuda:0', grad_fn=<SelectBackward0>) and C tensor([[[-1.,  0.,  0.,  0.,  0.,  0.,  0.,  1.,  0.,  0.]]], device='cuda:0')

Bab round 1
batch: 1
split depth step: 7
split depth total: 7
torch.Size([384, 128]) torch.Size([1, 384, 10]) torch.Size([384, 128])
using CROWN
[tensor([[0.0000, 0.0000, 0.0000, 0.0000, 0.0209, 0.0000, 0.0000, 0.0000, 0.0000,
         0.3128, 0.0000, 0.0000, 0.0000, 0.0000, 0.0000, 0.0000, 0.0000, 0.0000,
         0.0306, 0.0000, 0.0000, 0.0000, 0.0000, 0.0000, 0.0000, 0.0000, 0.1234,
         0.0000, 0.0679, 0.2673, 0.0000, 0.6774, 0.0000, 0.0000, 0.0000, 0.0095,
         0.0000, 0.0000, 0.0000, 0.0000, 0.0000, 0.0000, 0.0000, 0.0000, 0.0000,
         0.0933, 0.0000, 0.0659, 0.1087, 0.0000, 0.0000, 0.0000, 0.0000, 0.0000,
         0.5425, 0.0000, 0.0000, 0.1049, 0.0000, 0.0000, 0.0000, 0.0000, 0.0000,
         0.0000, 0.0000, 0.0504, 0.0000, 0.0000, 0.0000, 0.0000, 0.0000, 0.0000,
         0.0000, 0.0000, 0.0000, 0.0000, 0.0000, 0.0000, 0.0000, 0.0123, 0.0000,
         0.0000, 0.1426, 0.0000, 0.0000, 0.0000, 0.0000, 0.0000, 0.3463, 0.0000,
         0.0373, 0.0000, 0.0493, 0.0000, 0.0516, 0.1246, 0.0000, 0.0259, 0.2445,
         0.0000, 0.3761, 0.0000, 0.3898, 0.0000, 0.0000, 0.0000, 0.0000, 0.0000,
         0.0000, 0.0000, 0.1951, 0.0000, 0.0000, 0.0551, 0.0940, 0.0000, 0.1770,
         0.0485, 0.3347, 0.0000, 0.0250, 0.0000, 0.0000, 0.0000, 0.0950, 0.2640,
         0.0000, 0.0000]], device='cuda:0', grad_fn=<ViewBackward0>), tensor([[0.0000, 0.0000, 0.0000, 0.7652, 0.0000, 0.2965, 0.0000, 0.0000, 0.0000,
         0.0000, 0.0394, 0.0000, 0.0000, 0.0000, 0.2023, 0.0468, 0.1392, 0.0000,
         0.0000, 0.1805, 0.0000, 0.0000, 0.6148, 0.9732, 0.0000, 0.5989, 1.6690,
         0.0000, 0.9189, 0.0000, 0.0000, 0.0000, 0.6021, 0.1315, 0.0000, 0.0000,
         0.0000, 0.0000, 0.0000, 0.3158, 0.0000, 0.0000, 0.4225, 0.3709, 0.0000,
         0.2003, 0.0000, 0.0000, 0.0000, 0.2331, 0.3281, 0.0000, 0.0614, 0.0000,
         0.0000, 1.1178, 0.8967, 0.5233, 0.0000, 0.0000, 0.8455, 0.1158, 0.2748,
         0.0000]], device='cuda:0', grad_fn=<ViewBackward0>), tensor([[0.0000, 0.0000, 0.0000, 0.0000, 0.0164, 0.0000, 0.0000, 0.0000, 0.0000,
         0.2216, 0.0000, 0.0000, 0.0000, 0.0000, 0.0000, 0.0000, 0.0000, 0.0000,
         0.2536, 0.0000, 0.0000, 0.0000, 0.0000, 0.0000, 0.0000, 0.0000, 0.1392,
         0.0000, 0.2211, 0.1384, 0.0000, 0.0323, 0.0000, 0.0000, 0.0000, 0.0097,
         0.0000, 0.0000, 0.0000, 0.0000, 0.0000, 0.0000, 0.0000, 0.0000, 0.0000,
         0.1315, 0.0000, 0.0407, 0.0105, 0.0000, 0.0000, 0.0000, 0.0000, 0.0000,
         0.0305, 0.0000, 0.0000, 0.0892, 0.0000, 0.0000, 0.0000, 0.0000, 0.0000,
         0.0000, 0.0000, 0.1115, 0.0000, 0.0000, 0.0000, 0.0000, 0.0000, 0.0000,
         0.0000, 0.0000, 0.0000, 0.0000, 0.0000, 0.0000, 0.0000, 0.0048, 0.0000,
         0.0000, 0.1912, 0.0000, 0.0000, 0.0000, 0.0000, 0.0000, 0.0902, 0.0000,
         0.0209, 0.0000, 0.0152, 0.0000, 0.5039, 0.0522, 0.0000, 0.0640, 0.0369,
         0.0000, 0.1522, 0.0000, 0.0229, 0.0000, 0.0000, 0.0000, 0.0000, 0.0000,
         0.0000, 0.0000, 0.4098, 0.0000, 0.0000, 0.0089, 0.3764, 0.0000, 0.2343,
         0.1720, 0.0066, 0.0000, 0.0039, 0.0000, 0.0000, 0.0000, 0.0749, 0.0215,
         0.0000, 0.0000]], device='cuda:0', grad_fn=<ViewBackward0>), tensor([[0.0000, 0.0000, 0.0000, 0.1443, 0.0000, 0.4055, 0.0000, 0.0000, 0.0000,
         0.0000, 0.0254, 0.0000, 0.0000, 0.0000, 0.0221, 0.0698, 0.0735, 0.0000,
         0.0000, 0.0365, 0.0000, 0.0000, 0.3769, 0.0995, 0.0000, 0.0996, 0.0677,
         0.0000, 0.1676, 0.0000, 0.0000, 0.0000, 0.0213, 0.0339, 0.0000, 0.0000,
         0.0000, 0.0000, 0.0000, 0.0624, 0.0000, 0.0000, 0.2600, 0.3332, 0.0000,
         0.0091, 0.0000, 0.0000, 0.0000, 0.0347, 0.1573, 0.0000, 0.0852, 0.0000,
         0.0000, 0.0301, 0.3047, 0.1095, 0.0000, 0.0000, 0.0344, 0.1455, 0.2781,
         0.0000]], device='cuda:0', grad_fn=<ViewBackward0>)]

instance 1 is verified with lb tensor([1.9696], device='cuda:0', grad_fn=<SelectBackward0>) and C tensor([[[ 0., -1.,  0.,  0.,  0.,  0.,  0.,  1.,  0.,  0.]]], device='cuda:0')

instance 2 is not verified with lb tensor([-3.9074], device='cuda:0', grad_fn=<SelectBackward0>) and C tensor([[[ 0.,  0., -1.,  0.,  0.,  0.,  0.,  1.,  0.,  0.]]], device='cuda:0')

Bab round 1
batch: 1
split depth step: 7
split depth total: 7
torch.Size([384, 128]) torch.Size([1, 384, 10]) torch.Size([384, 128])
using CROWN
[tensor([[6.3551e-02, 0.0000e+00, 3.7832e-02, 0.0000e+00, 2.2536e-01, 0.0000e+00,
         0.0000e+00, 0.0000e+00, 0.0000e+00, 2.7853e-01, 0.0000e+00, 1.0538e-04,
         3.5590e-01, 0.0000e+00, 0.0000e+00, 0.0000e+00, 0.0000e+00, 0.0000e+00,
         3.7510e-02, 0.0000e+00, 0.0000e+00, 5.3236e-02, 0.0000e+00, 8.3910e-02,
         0.0000e+00, 0.0000e+00, 5.3199e-02, 6.8730e-02, 1.1864e-01, 3.4950e-01,
         0.0000e+00, 1.2188e-01, 0.0000e+00, 0.0000e+00, 0.0000e+00, 0.0000e+00,
         0.0000e+00, 0.0000e+00, 0.0000e+00, 0.0000e+00, 4.7372e-01, 0.0000e+00,
         0.0000e+00, 0.0000e+00, 0.0000e+00, 5.1766e-02, 0.0000e+00, 2.8183e-01,
         0.0000e+00, 0.0000e+00, 0.0000e+00, 0.0000e+00, 0.0000e+00, 0.0000e+00,
         4.6085e-01, 0.0000e+00, 0.0000e+00, 1.5738e-01, 0.0000e+00, 0.0000e+00,
         0.0000e+00, 0.0000e+00, 0.0000e+00, 0.0000e+00, 0.0000e+00, 0.0000e+00,
         0.0000e+00, 0.0000e+00, 0.0000e+00, 0.0000e+00, 0.0000e+00, 1.2784e-02,
         0.0000e+00, 0.0000e+00, 0.0000e+00, 0.0000e+00, 0.0000e+00, 0.0000e+00,
         0.0000e+00, 0.0000e+00, 0.0000e+00, 0.0000e+00, 1.7032e-01, 0.0000e+00,
         0.0000e+00, 0.0000e+00, 0.0000e+00, 8.9169e-04, 5.4787e-01, 0.0000e+00,
         1.6143e-01, 0.0000e+00, 0.0000e+00, 0.0000e+00, 1.2649e-02, 1.2441e-01,
         0.0000e+00, 0.0000e+00, 3.6291e-01, 0.0000e+00, 1.2087e-01, 0.0000e+00,
         4.5805e-03, 0.0000e+00, 0.0000e+00, 9.6541e-02, 0.0000e+00, 0.0000e+00,
         0.0000e+00, 0.0000e+00, 1.6720e-01, 0.0000e+00, 0.0000e+00, 8.7719e-02,
         1.1019e-01, 0.0000e+00, 1.8145e-01, 2.3997e-02, 4.4159e-01, 0.0000e+00,
         0.0000e+00, 0.0000e+00, 0.0000e+00, 0.0000e+00, 2.8037e-01, 1.2901e-01,
         0.0000e+00, 0.0000e+00]], device='cuda:0', grad_fn=<ViewBackward0>), tensor([[0.0000, 0.0000, 0.0159, 0.5824, 0.0000, 0.0945, 0.0000, 0.0000, 0.0000,
         0.3783, 0.0000, 0.0000, 0.0000, 0.0000, 0.0000, 0.4112, 0.3765, 0.1438,
         0.0000, 0.6460, 0.0000, 0.0000, 0.0414, 0.3242, 0.0000, 1.1431, 1.0680,
         0.0000, 1.0534, 0.0000, 0.2323, 0.0000, 1.3804, 0.0796, 0.0000, 0.0000,
         0.0000, 0.0000, 0.0000, 0.6890, 0.0000, 0.0000, 0.0191, 0.4244, 0.0000,
         0.6458, 0.0000, 0.0000, 0.0000, 0.2272, 0.4107, 0.0000, 0.0537, 0.0000,
         0.0000, 0.8380, 0.8596, 0.3942, 0.0000, 0.0000, 0.0000, 0.0000, 0.0406,
         0.0000]], device='cuda:0', grad_fn=<ViewBackward0>), tensor([[0.0923, 0.0000, 0.0120, 0.0000, 0.1029, 0.0000, 0.0000, 0.0000, 0.0000,
         0.1960, 0.0000, 0.0008, 0.1487, 0.0000, 0.0000, 0.0000, 0.0000, 0.0000,
         0.3138, 0.0000, 0.0000, 0.0059, 0.0000, 0.0459, 0.0000, 0.0000, 0.0706,
         0.0100, 0.2863, 0.1869, 0.0000, 0.0111, 0.0000, 0.0000, 0.0000, 0.0000,
         0.0000, 0.0000, 0.0000, 0.0000, 0.0252, 0.0000, 0.0000, 0.0000, 0.0000,
         0.1084, 0.0000, 0.0843, 0.0000, 0.0000, 0.0000, 0.0000, 0.0000, 0.0000,
         0.0203, 0.0000, 0.0000, 0.0908, 0.0000, 0.0000, 0.0000, 0.0000, 0.0000,
         0.0000, 0.0000, 0.0000, 0.0000, 0.0000, 0.0000, 0.0000, 0.0000, 0.1631,
         0.0000, 0.0000, 0.0000, 0.0000, 0.0000, 0.0000, 0.0000, 0.0000, 0.0000,
         0.0000, 0.2218, 0.0000, 0.0000, 0.0000, 0.0000, 0.0007, 0.0985, 0.0000,
         0.0581, 0.0000, 0.0000, 0.0000, 0.2128, 0.0466, 0.0000, 0.0000, 0.0398,
         0.0000, 0.0871, 0.0000, 0.0005, 0.0000, 0.0000, 0.1362, 0.0000, 0.0000,
         0.0000, 0.0000, 0.3273, 0.0000, 0.0000, 0.0112, 0.4558, 0.0000, 0.2473,
         0.0990, 0.0064, 0.0000, 0.0000, 0.0000, 0.0000, 0.0000, 0.1197, 0.0135,
         0.0000, 0.0000]], device='cuda:0', grad_fn=<ViewBackward0>), tensor([[0.0000, 0.0000, 0.4987, 0.1332, 0.0000, 0.1805, 0.0000, 0.0000, 0.0000,
         0.1433, 0.0000, 0.0000, 0.0000, 0.0000, 0.0000, 0.2742, 0.2448, 0.1103,
         0.0000, 0.0655, 0.0000, 0.0000, 0.0596, 0.0353, 0.0000, 0.1177, 0.0811,
         0.0000, 0.1729, 0.0000, 0.0335, 0.0000, 0.0202, 0.0145, 0.0000, 0.0000,
         0.0000, 0.0000, 0.0000, 0.0941, 0.0000, 0.0000, 0.0269, 0.3379, 0.0000,
         0.0142, 0.0000, 0.0000, 0.0000, 0.0414, 0.1311, 0.0000, 0.0715, 0.0000,
         0.0000, 0.0264, 0.2238, 0.0810, 0.0000, 0.0000, 0.0000, 0.0000, 0.0410,
         0.0000]], device='cuda:0', grad_fn=<ViewBackward0>)]

instance 3 is not verified with lb tensor([-5.6776], device='cuda:0', grad_fn=<SelectBackward0>) and C tensor([[[ 0.,  0.,  0., -1.,  0.,  0.,  0.,  1.,  0.,  0.]]], device='cuda:0')

Bab round 1
batch: 1
split depth step: 7
split depth total: 7
torch.Size([384, 128]) torch.Size([1, 384, 10]) torch.Size([384, 128])
using CROWN
[tensor([[0.0000, 0.0000, 0.1430, 0.0000, 0.0519, 0.0000, 0.0000, 0.0000, 0.0000,
         0.2776, 0.0000, 0.0000, 0.1337, 0.0000, 0.0000, 0.0000, 0.0000, 0.0000,
         0.0094, 0.0000, 0.0000, 0.1661, 0.0000, 0.0243, 0.0000, 0.0000, 0.0000,
         0.0000, 0.1004, 0.2873, 0.0000, 0.0000, 0.0000, 0.0000, 0.0000, 0.0000,
         0.0583, 0.0000, 0.0000, 0.0000, 0.0713, 0.0000, 0.0000, 0.0000, 0.1548,
         0.1066, 0.0000, 0.1184, 0.1903, 0.0000, 0.0000, 0.0000, 0.0000, 0.0000,
         0.2645, 0.0000, 0.0000, 0.1283, 0.0000, 0.0000, 0.0000, 0.0000, 0.0000,
         0.0000, 0.0000, 0.0648, 0.0000, 0.0000, 0.0000, 0.0000, 0.0536, 0.0073,
         0.0000, 0.3797, 0.0000, 0.0000, 0.0000, 0.0000, 0.0000, 0.0000, 0.0000,
         0.0000, 0.6691, 0.0000, 0.0000, 0.0000, 0.0000, 0.1029, 0.4654, 0.0000,
         0.1177, 0.0000, 0.0000, 0.0000, 0.0113, 0.0638, 0.0000, 0.0000, 0.5309,
         0.0000, 0.2838, 0.0000, 0.1553, 0.0000, 0.0000, 0.3541, 0.0490, 0.0000,
         0.0000, 0.0000, 0.1055, 0.0000, 0.0000, 0.0704, 0.0410, 0.0077, 0.3428,
         0.2171, 0.3996, 0.0000, 0.1525, 0.0000, 0.0000, 0.0000, 0.3057, 0.1674,
         0.0000, 0.0000]], device='cuda:0', grad_fn=<ViewBackward0>), tensor([[0.0000, 0.0000, 0.0000, 0.0572, 0.0000, 0.0928, 0.2057, 0.0000, 0.0000,
         0.0000, 0.0000, 0.0000, 0.0000, 0.0000, 0.5025, 0.1347, 0.2175, 0.2873,
         0.0000, 0.6732, 0.0000, 0.0000, 0.2311, 0.8368, 0.0000, 0.6314, 1.5927,
         0.0000, 2.0269, 0.0000, 0.7810, 0.0000, 0.7740, 0.0000, 0.0000, 0.0000,
         0.0000, 0.0000, 0.0000, 1.3543, 0.3224, 0.0000, 0.2905, 0.0130, 0.0000,
         0.3002, 0.0000, 0.0000, 0.2977, 0.0000, 0.0000, 0.0000, 0.6932, 0.6173,
         0.0000, 0.8127, 0.0000, 0.0000, 0.0000, 0.0000, 0.0000, 0.0000, 0.6856,
         0.0000]], device='cuda:0', grad_fn=<ViewBackward0>), tensor([[0.0000, 0.0000, 0.0421, 0.0000, 0.0291, 0.0000, 0.0000, 0.0000, 0.0000,
         0.2303, 0.0000, 0.0000, 0.0704, 0.0000, 0.0000, 0.0000, 0.0000, 0.0000,
         0.1191, 0.0000, 0.0000, 0.0129, 0.0000, 0.0131, 0.0000, 0.0000, 0.0000,
         0.0000, 0.2292, 0.1487, 0.0000, 0.0000, 0.0000, 0.0000, 0.0000, 0.0000,
         0.0009, 0.0000, 0.0000, 0.0000, 0.0057, 0.0000, 0.0000, 0.0000, 0.0194,
         0.1479, 0.0000, 0.0455, 0.0157, 0.0000, 0.0000, 0.0000, 0.0000, 0.0000,
         0.0186, 0.0000, 0.0000, 0.1332, 0.0000, 0.0000, 0.0000, 0.0000, 0.0000,
         0.0000, 0.0000, 0.2512, 0.0000, 0.0000, 0.0000, 0.0000, 0.0229, 0.1011,
         0.0000, 0.0675, 0.0000, 0.0000, 0.0000, 0.0000, 0.0000, 0.0000, 0.0000,
         0.0000, 0.5342, 0.0000, 0.0000, 0.0000, 0.0000, 0.0669, 0.0651, 0.0000,
         0.0437, 0.0000, 0.0000, 0.0000, 0.1632, 0.0363, 0.0000, 0.0000, 0.0401,
         0.0000, 0.1848, 0.0000, 0.0157, 0.0000, 0.0000, 0.3482, 0.0684, 0.0000,
         0.0000, 0.0000, 0.3273, 0.0000, 0.0000, 0.0117, 0.2670, 0.0028, 0.2973,
         0.5745, 0.0055, 0.0000, 0.0241, 0.0000, 0.0000, 0.0000, 0.1147, 0.0200,
         0.0000, 0.0000]], device='cuda:0', grad_fn=<ViewBackward0>), tensor([[0.0000, 0.0000, 0.0000, 0.0247, 0.0000, 0.1515, 0.1538, 0.0000, 0.0000,
         0.0000, 0.0000, 0.0000, 0.0000, 0.0000, 0.0319, 0.1770, 0.1425, 0.2056,
         0.0000, 0.0682, 0.0000, 0.0000, 0.3814, 0.0507, 0.0000, 0.1084, 0.0796,
         0.0000, 0.1063, 0.0000, 0.0498, 0.0000, 0.0147, 0.0000, 0.0000, 0.0000,
         0.0000, 0.0000, 0.0000, 0.0528, 0.0627, 0.0000, 0.2672, 0.0273, 0.0000,
         0.0075, 0.0000, 0.0000, 0.0213, 0.0000, 0.0000, 0.0000, 0.3462, 0.1528,
         0.0000, 0.0267, 0.0000, 0.0000, 0.0000, 0.0000, 0.0000, 0.0000, 0.2994,
         0.0000]], device='cuda:0', grad_fn=<ViewBackward0>)]

instance 4 is verified with lb tensor([4.4663], device='cuda:0', grad_fn=<SelectBackward0>) and C tensor([[[ 0.,  0.,  0.,  0., -1.,  0.,  0.,  1.,  0.,  0.]]], device='cuda:0')

instance 5 is not verified with lb tensor([-3.8401], device='cuda:0', grad_fn=<SelectBackward0>) and C tensor([[[ 0.,  0.,  0.,  0.,  0., -1.,  0.,  1.,  0.,  0.]]], device='cuda:0')

Bab round 1
batch: 1
split depth step: 7
split depth total: 7
torch.Size([384, 128]) torch.Size([1, 384, 10]) torch.Size([384, 128])
using CROWN
[tensor([[0.0000, 0.0000, 0.0000, 0.0000, 0.0000, 0.0000, 0.0000, 0.0000, 0.0000,
         0.1513, 0.0000, 0.0000, 0.1132, 0.0000, 0.0000, 0.0000, 0.0000, 0.0000,
         0.0056, 0.0000, 0.0000, 0.0000, 0.0000, 0.0000, 0.0000, 0.0000, 0.0629,
         0.0000, 0.0162, 0.0970, 0.0000, 0.5201, 0.0000, 0.0000, 0.0000, 0.0000,
         0.0000, 0.0000, 0.0000, 0.0000, 0.2441, 0.0000, 0.0000, 0.0000, 0.0000,
         0.1249, 0.0000, 0.2022, 1.0376, 0.0000, 0.0000, 0.0000, 0.0000, 0.0000,
         0.4373, 0.0000, 0.0000, 0.0737, 0.0000, 0.0000, 0.0000, 0.0000, 0.0000,
         0.0000, 0.0000, 0.1031, 0.0000, 0.0000, 0.0000, 0.0000, 0.0000, 0.0000,
         0.0000, 0.2975, 0.0000, 0.0000, 0.0000, 0.0000, 0.0000, 0.5572, 0.0000,
         0.0000, 0.5553, 0.0000, 0.0000, 0.0000, 0.0000, 0.0000, 0.3170, 0.0000,
         0.1127, 0.0000, 0.0000, 0.0000, 0.0546, 0.0174, 0.0000, 0.0000, 0.2879,
         0.0000, 0.2262, 0.0000, 0.1241, 0.0000, 0.0000, 0.2950, 0.0000, 0.0000,
         0.0000, 0.0000, 0.1949, 0.0000, 0.0000, 0.0000, 0.0557, 0.0000, 0.2434,
         0.2011, 0.2184, 0.0000, 0.1645, 0.0000, 0.0000, 0.0000, 0.1349, 0.1791,
         0.0000, 0.0000]], device='cuda:0', grad_fn=<ViewBackward0>), tensor([[0.0000, 0.0000, 0.0168, 0.0000, 0.0000, 0.0000, 0.0000, 0.0000, 0.0000,
         0.0000, 0.1158, 0.0000, 0.0000, 0.0000, 0.0000, 0.0000, 0.1216, 0.3247,
         0.0000, 0.0000, 0.0000, 0.0000, 0.2921, 0.0930, 0.0000, 0.9844, 2.3805,
         0.0000, 1.4508, 0.1989, 1.1876, 0.0000, 0.1216, 0.0465, 0.0000, 0.0000,
         0.0000, 0.0000, 0.0000, 0.6159, 0.3537, 0.1625, 0.3891, 0.0651, 0.0000,
         0.6835, 0.0000, 0.0000, 0.0000, 0.4077, 0.0000, 0.0000, 0.6443, 0.1431,
         0.0000, 0.7260, 0.1901, 0.8371, 0.0000, 0.0000, 0.0000, 0.0000, 0.9457,
         0.0000]], device='cuda:0', grad_fn=<ViewBackward0>), tensor([[0.0000, 0.0000, 0.0000, 0.0000, 0.0000, 0.0000, 0.0000, 0.0000, 0.0000,
         0.1539, 0.0000, 0.0000, 0.0656, 0.0000, 0.0000, 0.0000, 0.0000, 0.0000,
         0.0698, 0.0000, 0.0000, 0.0000, 0.0000, 0.0000, 0.0000, 0.0000, 0.0630,
         0.0000, 0.0658, 0.0864, 0.0000, 0.0251, 0.0000, 0.0000, 0.0000, 0.0000,
         0.0000, 0.0000, 0.0000, 0.0000, 0.0168, 0.0000, 0.0000, 0.0000, 0.0000,
         0.1109, 0.0000, 0.0680, 0.0726, 0.0000, 0.0000, 0.0000, 0.0000, 0.0000,
         0.0235, 0.0000, 0.0000, 0.0691, 0.0000, 0.0000, 0.0000, 0.0000, 0.0000,
         0.0000, 0.0000, 0.1944, 0.0000, 0.0000, 0.0000, 0.0000, 0.0000, 0.0000,
         0.0000, 0.0539, 0.0000, 0.0000, 0.0000, 0.0000, 0.0000, 0.1227, 0.0000,
         0.0000, 0.4124, 0.0000, 0.0000, 0.0000, 0.0000, 0.0000, 0.0755, 0.0000,
         0.0415, 0.0000, 0.0000, 0.0000, 0.3725, 0.0100, 0.0000, 0.0000, 0.0413,
         0.0000, 0.0935, 0.0000, 0.0134, 0.0000, 0.0000, 0.2796, 0.0000, 0.0000,
         0.0000, 0.0000, 0.3784, 0.0000, 0.0000, 0.0000, 0.2236, 0.0000, 0.2566,
         0.5437, 0.0050, 0.0000, 0.0210, 0.0000, 0.0000, 0.0000, 0.0939, 0.0202,
         0.0000, 0.0000]], device='cuda:0', grad_fn=<ViewBackward0>), tensor([[0.0000, 0.0000, 0.5569, 0.0000, 0.0000, 0.0000, 0.0000, 0.0000, 0.0000,
         0.0000, 0.0568, 0.0000, 0.0000, 0.0000, 0.0000, 0.0000, 0.1071, 0.1571,
         0.0000, 0.0000, 0.0000, 0.0000, 0.2568, 0.0157, 0.0000, 0.0965, 0.0897,
         0.0000, 0.1636, 0.1131, 0.0900, 0.0000, 0.0063, 0.0106, 0.0000, 0.0000,
         0.0000, 0.0000, 0.0000, 0.0915, 0.0785, 0.6526, 0.2996, 0.1003, 0.0000,
         0.0153, 0.0000, 0.0000, 0.0000, 0.0390, 0.0000, 0.0000, 0.4304, 0.0725,
         0.0000, 0.0296, 0.1264, 0.1001, 0.0000, 0.0000, 0.0000, 0.0000, 0.3587,
         0.0000]], device='cuda:0', grad_fn=<ViewBackward0>)]

instance 6 is verified with lb tensor([4.5039], device='cuda:0', grad_fn=<SelectBackward0>) and C tensor([[[ 0.,  0.,  0.,  0.,  0.,  0., -1.,  1.,  0.,  0.]]], device='cuda:0')

instance 7 is not verified with lb tensor([-4.7792], device='cuda:0', grad_fn=<SelectBackward0>) and C tensor([[[ 0.,  0.,  0.,  0.,  0.,  0.,  0.,  1., -1.,  0.]]], device='cuda:0')

Bab round 1
batch: 1
split depth step: 7
split depth total: 7
torch.Size([384, 128]) torch.Size([1, 384, 10]) torch.Size([384, 128])
using CROWN
[tensor([[0.0000, 0.0000, 0.1863, 0.0000, 0.0245, 0.0000, 0.0000, 0.0000, 0.0000,
         0.2379, 0.0000, 0.0000, 0.2254, 0.0000, 0.0000, 0.0000, 0.0000, 0.0000,
         0.0263, 0.0000, 0.0000, 0.0541, 0.0000, 0.0000, 0.0000, 0.0000, 0.0000,
         0.0000, 0.0750, 0.2699, 0.0000, 0.4739, 0.0000, 0.0000, 0.0000, 0.0153,
         0.0000, 0.0000, 0.0000, 0.0000, 0.3665, 0.0000, 0.0000, 0.0000, 0.0636,
         0.0892, 0.0000, 0.2043, 0.3448, 0.0000, 0.0000, 0.0000, 0.0031, 0.0000,
         0.3877, 0.0000, 0.0000, 0.1434, 0.0000, 0.0000, 0.0000, 0.0000, 0.0000,
         0.0000, 0.0000, 0.0024, 0.0000, 0.0000, 0.0000, 0.0000, 0.0000, 0.0156,
         0.0000, 0.1773, 0.0000, 0.0000, 0.0000, 0.0000, 0.0000, 0.0000, 0.0000,
         0.0000, 0.2385, 0.0000, 0.0000, 0.0000, 0.0000, 0.0000, 0.4190, 0.0000,
         0.1587, 0.0000, 0.0000, 0.0000, 0.0493, 0.1781, 0.0000, 0.0000, 0.2798,
         0.0000, 0.2734, 0.0000, 0.2332, 0.0000, 0.0000, 0.2656, 0.0000, 0.0000,
         0.0000, 0.0000, 0.2808, 0.0000, 0.0000, 0.1757, 0.0000, 0.0000, 0.3065,
         0.2566, 0.2159, 0.0000, 0.0844, 0.0000, 0.0000, 0.0000, 0.2693, 0.2260,
         0.0000, 0.0000]], device='cuda:0', grad_fn=<ViewBackward0>), tensor([[0.0000, 0.0000, 0.0000, 0.6441, 0.0000, 0.5737, 0.0000, 0.0000, 0.0000,
         0.0000, 0.0000, 0.3329, 0.0000, 0.0000, 0.7621, 0.0000, 0.5068, 0.0000,
         0.0000, 0.0000, 0.0000, 0.0000, 0.0756, 1.1845, 0.0000, 0.9711, 1.1589,
         0.0000, 1.8857, 0.0971, 0.9265, 0.0000, 0.9755, 0.0649, 0.0000, 0.0000,
         0.0000, 0.0000, 0.0000, 1.2770, 0.8008, 0.0000, 0.0000, 0.3120, 0.0000,
         0.2007, 0.0000, 0.0000, 0.0000, 0.2284, 0.0000, 0.0000, 0.3993, 0.0000,
         0.0000, 0.3614, 0.1337, 0.8208, 0.0771, 0.0000, 0.0188, 0.0000, 0.6422,
         0.0000]], device='cuda:0', grad_fn=<ViewBackward0>), tensor([[0.0000, 0.0000, 0.0354, 0.0000, 0.0176, 0.0000, 0.0000, 0.0000, 0.0000,
         0.2527, 0.0000, 0.0000, 0.1574, 0.0000, 0.0000, 0.0000, 0.0000, 0.0000,
         0.2621, 0.0000, 0.0000, 0.0087, 0.0000, 0.0000, 0.0000, 0.0000, 0.0000,
         0.0000, 0.2256, 0.1820, 0.0000, 0.0321, 0.0000, 0.0000, 0.0000, 0.0196,
         0.0000, 0.0000, 0.0000, 0.0000, 0.0247, 0.0000, 0.0000, 0.0000, 0.0076,
         0.1254, 0.0000, 0.0773, 0.0344, 0.0000, 0.0000, 0.0000, 0.0046, 0.0000,
         0.0277, 0.0000, 0.0000, 0.1170, 0.0000, 0.0000, 0.0000, 0.0000, 0.0000,
         0.0000, 0.0000, 0.0055, 0.0000, 0.0000, 0.0000, 0.0000, 0.0000, 0.2419,
         0.0000, 0.0354, 0.0000, 0.0000, 0.0000, 0.0000, 0.0000, 0.0000, 0.0000,
         0.0000, 0.2797, 0.0000, 0.0000, 0.0000, 0.0000, 0.0000, 0.1074, 0.0000,
         0.0517, 0.0000, 0.0000, 0.0000, 0.4899, 0.0683, 0.0000, 0.0000, 0.0395,
         0.0000, 0.1343, 0.0000, 0.0208, 0.0000, 0.0000, 0.2616, 0.0000, 0.0000,
         0.0000, 0.0000, 0.4660, 0.0000, 0.0000, 0.0216, 0.0000, 0.0000, 0.3491,
         0.7516, 0.0048, 0.0000, 0.0127, 0.0000, 0.0000, 0.0000, 0.1680, 0.0197,
         0.0000, 0.0000]], device='cuda:0', grad_fn=<ViewBackward0>), tensor([[0.0000, 0.0000, 0.0000, 0.1617, 0.0000, 0.5254, 0.0000, 0.0000, 0.0000,
         0.0000, 0.0000, 0.5950, 0.0000, 0.0000, 0.0643, 0.0000, 0.1946, 0.0000,
         0.0000, 0.0000, 0.0000, 0.0000, 0.0942, 0.0975, 0.0000, 0.1220, 0.0568,
         0.0000, 0.1666, 0.0719, 0.0841, 0.0000, 0.0302, 0.0164, 0.0000, 0.0000,
         0.0000, 0.0000, 0.0000, 0.1028, 0.1663, 0.0000, 0.0000, 0.3218, 0.0000,
         0.0076, 0.0000, 0.0000, 0.0000, 0.0337, 0.0000, 0.0000, 0.2769, 0.0000,
         0.0000, 0.0172, 0.0948, 0.1208, 0.0394, 0.0000, 0.0016, 0.0000, 0.2920,
         0.0000]], device='cuda:0', grad_fn=<ViewBackward0>)]

instance 8 is not verified with lb tensor([-2.5932], device='cuda:0', grad_fn=<SelectBackward0>) and C tensor([[[ 0.,  0.,  0.,  0.,  0.,  0.,  0.,  1.,  0., -1.]]], device='cuda:0')

Bab round 1
batch: 1
split depth step: 7
split depth total: 7
torch.Size([384, 128]) torch.Size([1, 384, 10]) torch.Size([384, 128])
using CROWN
[tensor([[0.0000, 0.0000, 0.0562, 0.0000, 0.0294, 0.0000, 0.0000, 0.0000, 0.0000,
         0.0961, 0.0000, 0.0000, 0.0000, 0.0000, 0.0000, 0.0000, 0.0000, 0.0000,
         0.0453, 0.0000, 0.0000, 0.0962, 0.0000, 0.0000, 0.0000, 0.0448, 0.0000,
         0.1107, 0.1013, 0.2075, 0.0000, 0.0917, 0.0000, 0.0000, 0.0000, 0.0000,
         0.0000, 0.0000, 0.0000, 0.0000, 0.0000, 0.1035, 0.0000, 0.0000, 0.0000,
         0.0627, 0.0000, 0.0000, 0.2445, 0.0000, 0.0000, 0.0000, 0.0000, 0.0000,
         0.0659, 0.0000, 0.0000, 0.0775, 0.0000, 0.0000, 0.0000, 0.0000, 0.0000,
         0.0000, 0.0000, 0.0000, 0.0000, 0.0000, 0.0000, 0.0000, 0.0719, 0.0111,
         0.0000, 0.3262, 0.0000, 0.0000, 0.0000, 0.0000, 0.0000, 0.0000, 0.0000,
         0.0000, 0.4392, 0.0613, 0.0000, 0.0000, 0.0000, 0.0000, 0.1140, 0.0000,
         0.0127, 0.0000, 0.0175, 0.0000, 0.0239, 0.1705, 0.0000, 0.0068, 0.2452,
         0.0000, 0.1159, 0.0000, 0.2610, 0.0000, 0.0000, 0.2010, 0.0000, 0.0000,
         0.0000, 0.0000, 0.1693, 0.0000, 0.0000, 0.0788, 0.0000, 0.0000, 0.1932,
         0.2862, 0.1457, 0.0000, 0.1928, 0.0000, 0.0000, 0.0000, 0.1978, 0.2572,
         0.0000, 0.0000]], device='cuda:0', grad_fn=<ViewBackward0>), tensor([[0.0000e+00, 0.0000e+00, 1.6432e-03, 0.0000e+00, 0.0000e+00, 7.9538e-01,
         0.0000e+00, 0.0000e+00, 0.0000e+00, 0.0000e+00, 0.0000e+00, 0.0000e+00,
         0.0000e+00, 0.0000e+00, 7.4819e-01, 3.4690e-02, 9.5416e-01, 0.0000e+00,
         0.0000e+00, 0.0000e+00, 0.0000e+00, 0.0000e+00, 6.2299e-03, 8.6706e-01,
         0.0000e+00, 1.7407e-01, 2.0793e+00, 0.0000e+00, 1.0988e+00, 0.0000e+00,
         1.9007e-01, 0.0000e+00, 3.4192e-01, 0.0000e+00, 0.0000e+00, 0.0000e+00,
         0.0000e+00, 0.0000e+00, 3.0958e-01, 6.9609e-01, 2.8475e-02, 7.3403e-02,
         5.4534e-01, 1.2213e-01, 0.0000e+00, 0.0000e+00, 0.0000e+00, 0.0000e+00,
         1.2195e-01, 0.0000e+00, 0.0000e+00, 0.0000e+00, 8.2392e-01, 0.0000e+00,
         0.0000e+00, 4.9242e-01, 3.0437e-01, 0.0000e+00, 0.0000e+00, 0.0000e+00,
         6.8291e-01, 0.0000e+00, 5.3351e-01, 0.0000e+00]], device='cuda:0',
       grad_fn=<ViewBackward0>), tensor([[0.0000, 0.0000, 0.0151, 0.0000, 0.0257, 0.0000, 0.0000, 0.0000, 0.0000,
         0.0950, 0.0000, 0.0000, 0.0000, 0.0000, 0.0000, 0.0000, 0.0000, 0.0000,
         0.3820, 0.0000, 0.0000, 0.0127, 0.0000, 0.0000, 0.0000, 0.0075, 0.0000,
         0.0176, 0.2928, 0.1384, 0.0000, 0.0072, 0.0000, 0.0000, 0.0000, 0.0000,
         0.0000, 0.0000, 0.0000, 0.0000, 0.0000, 0.0702, 0.0000, 0.0000, 0.0000,
         0.0940, 0.0000, 0.0000, 0.0234, 0.0000, 0.0000, 0.0000, 0.0000, 0.0000,
         0.0109, 0.0000, 0.0000, 0.0863, 0.0000, 0.0000, 0.0000, 0.0000, 0.0000,
         0.0000, 0.0000, 0.0000, 0.0000, 0.0000, 0.0000, 0.0000, 0.0239, 0.2202,
         0.0000, 0.0703, 0.0000, 0.0000, 0.0000, 0.0000, 0.0000, 0.0000, 0.0000,
         0.0000, 0.5010, 0.0032, 0.0000, 0.0000, 0.0000, 0.0000, 0.0450, 0.0000,
         0.0092, 0.0000, 0.0044, 0.0000, 0.2655, 0.0667, 0.0000, 0.0234, 0.0385,
         0.0000, 0.0678, 0.0000, 0.0162, 0.0000, 0.0000, 0.1887, 0.0000, 0.0000,
         0.0000, 0.0000, 0.3532, 0.0000, 0.0000, 0.0117, 0.0000, 0.0000, 0.2394,
         0.7274, 0.0049, 0.0000, 0.0231, 0.0000, 0.0000, 0.0000, 0.1332, 0.0195,
         0.0000, 0.0000]], device='cuda:0', grad_fn=<ViewBackward0>), tensor([[0.0000, 0.0000, 0.1208, 0.0000, 0.0000, 0.3523, 0.0000, 0.0000, 0.0000,
         0.0000, 0.0000, 0.0000, 0.0000, 0.0000, 0.0379, 0.0713, 0.1145, 0.0000,
         0.0000, 0.0000, 0.0000, 0.0000, 0.0069, 0.0627, 0.0000, 0.0642, 0.0869,
         0.0000, 0.1665, 0.0000, 0.0384, 0.0000, 0.0164, 0.0000, 0.0000, 0.0000,
         0.0000, 0.0000, 0.0229, 0.0868, 0.0150, 0.6473, 0.2673, 0.1995, 0.0000,
         0.0000, 0.0000, 0.0000, 0.0063, 0.0000, 0.0000, 0.0000, 0.4752, 0.0000,
         0.0000, 0.0242, 0.3149, 0.0000, 0.0000, 0.0000, 0.0275, 0.0000, 0.2592,
         0.0000]], device='cuda:0', grad_fn=<ViewBackward0>)]

all batches are verified!
