use ReLU model
Network prediction: tensor([[ -2.1788,  -4.8912,  -0.2099,   0.3329,  -6.5422,  -1.6018, -11.8794,
           9.7545,  -2.4076,  -1.1615]], device='cuda:0',
       grad_fn=<AddmmBackward0>)
Verifiying Pertubation - 0.025
using beta-CROWN
using CROWN
result from crown is: tensor([[-1.1996,  3.5145, -2.3593, -3.7725,  5.3517, -2.0287,  6.2925, -2.9392,
         -1.7951]], device='cuda:0', grad_fn=<AddBackward0>)
using alpha-CROWN
result from alpha crown is: tensor([[-0.4626,  3.9370, -1.8040, -3.3793,  6.2550, -1.4291,  7.0575, -2.1346,
         -0.4052]], device='cuda:0', grad_fn=<MaximumBackward0>)
unstable: 103

instance 0 is not verified with lb tensor([-0.4626], device='cuda:0', grad_fn=<SelectBackward0>) and C tensor([[[-1.,  0.,  0.,  0.,  0.,  0.,  0.,  1.,  0.,  0.]]], device='cuda:0')

Bab round 1
batch: 1
split depth step: 7
split depth total: 7
this instance is verified!!!!


instance 1 is verified with lb tensor([3.9370], device='cuda:0', grad_fn=<SelectBackward0>) and C tensor([[[ 0., -1.,  0.,  0.,  0.,  0.,  0.,  1.,  0.,  0.]]], device='cuda:0')

instance 2 is not verified with lb tensor([-1.8040], device='cuda:0', grad_fn=<SelectBackward0>) and C tensor([[[ 0.,  0., -1.,  0.,  0.,  0.,  0.,  1.,  0.,  0.]]], device='cuda:0')

Bab round 1
batch: 1
split depth step: 7
split depth total: 7
final_ret: tensor([[-0.4859, -0.4010, -0.3185, -0.1980, -0.4512, -0.3940, -0.3604, -0.2827,
          0.7563,  0.8599,  0.9141,  1.0996,  0.7160,  0.7583,  0.7889,  0.8551,
          1.4039,  1.4727,  1.6747,  1.7829,  1.5628,  1.5682,  1.7669,  1.8323,
          2.6660,  2.6898,  2.9969,  3.0620,  2.7030,  2.7124,  2.9736,  3.0125,
          1.7985,  1.9746,  1.9882,  2.2916,  1.8180,  1.9913,  1.9574,  2.1583,
          2.9679,  3.1030,  3.2660,  3.5253,  2.9099,  3.0161,  3.0868,  3.1740,
          3.5122,  3.5420,  3.8027,  3.9775,  3.6156,  3.6611,  3.8350,  3.9743,
          4.4885,  4.4573,  5.0037,  5.0957,  4.4739,  4.4840,  4.9094,  5.0116,
          0.7432,  0.9086,  0.7977,  1.0450,  0.7111,  0.8267,  0.7110,  0.8415,
          1.9322,  2.0690,  2.0386,  2.2695,  1.7764,  1.9014,  1.7547,  1.9184,
          2.9825,  3.1408,  3.2703,  3.5165,  3.1020,  3.2098,  3.2607,  3.4354,
          4.0841,  4.1103,  4.3394,  4.5552,  4.0677,  4.0864,  4.2167,  4.3492,
          3.0953,  3.2785,  3.2484,  3.5651,  3.0807,  3.1991,  3.1084,  3.2845,
          4.0799,  4.2424,  4.3506,  4.6436,  3.8848,  3.9669,  3.9224,  4.0487,
          4.9604,  5.0985,  5.3126,  5.5587,  4.9833,  5.1297,  5.2876,  5.4521,
          5.6279,  5.5983,  6.2131,  6.2959,  5.5312,  5.4830,  5.9128,  5.8303]],
       device='cuda:0', grad_fn=<MaximumBackward0>)
length of domains: 8
domain remains: tensor([-0.4859, -0.4010, -0.3185, -0.1980, -0.4512, -0.3940, -0.3604, -0.2827],
       device='cuda:0', grad_fn=<IndexBackward0>)

Bab round 2
batch: 8
split depth step: 4
split depth total: 11
this instance is verified!!!!


instance 3 is not verified with lb tensor([-3.3793], device='cuda:0', grad_fn=<SelectBackward0>) and C tensor([[[ 0.,  0.,  0., -1.,  0.,  0.,  0.,  1.,  0.,  0.]]], device='cuda:0')

Bab round 1
batch: 1
split depth step: 7
split depth total: 7
final_ret: tensor([[-1.3923, -1.2909, -1.3405, -1.2941,  1.3879,  1.4830,  1.4028,  1.4751,
         -0.8143, -0.7832, -0.8377, -0.8005,  1.8628,  1.9307,  1.8529,  1.9037,
         -1.2801, -1.2457, -1.2807, -1.2638,  1.4599,  1.5126,  1.4538,  1.4887,
         -0.8874, -0.8822, -0.9210, -0.9398,  1.7222,  1.7295,  1.6719,  1.6661,
         -1.2181, -1.1765, -1.1524, -1.1317,  1.5530,  1.6000,  1.5919,  1.6302,
         -0.7171, -0.6970, -0.6931, -0.6812,  1.9859,  2.0106,  1.9867,  2.0105,
         -1.2055, -1.1845, -1.1806, -1.1796,  1.5399,  1.5659,  1.5458,  1.5669,
         -0.8859, -0.9032, -0.9180, -0.9519,  1.7066,  1.6968,  1.6719,  1.6498,
          2.0029,  2.0370,  2.0137,  2.0288,  4.5858,  4.5792,  4.5668,  4.5673,
          2.4625,  2.4797,  2.4404,  2.4483,  4.8768,  4.9062,  4.8422,  4.8560,
          2.0453,  2.0492,  2.0247,  2.0150,  4.6134,  4.5881,  4.5696,  4.5281,
          2.3075,  2.2766,  2.2161,  2.1666,  4.6215,  4.6050,  4.5441,  4.4914,
          2.0872,  2.0829,  2.1211,  2.1203,  4.6254,  4.5895,  4.6240,  4.5977,
          2.5384,  2.5243,  2.5460,  2.5081,  4.9404,  4.9026,  4.9237,  4.8791,
          2.0677,  2.0312,  2.0449,  2.0055,  4.5692,  4.5236,  4.5488,  4.4941,
          2.2526,  2.1876,  2.1892,  2.1069,  4.5939,  4.5297,  4.5409,  4.4575]],
       device='cuda:0', grad_fn=<MaximumBackward0>)
length of domains: 32
domain remains: tensor([-1.3923, -1.2909, -1.3405, -1.2941, -0.8143, -0.7832, -0.8377, -0.8005,
        -1.2801, -1.2457, -1.2807, -1.2638, -0.8874, -0.8822, -0.9210, -0.9398,
        -1.2181, -1.1765, -1.1524, -1.1317, -0.7171, -0.6970, -0.6931, -0.6812,
        -1.2055, -1.1845, -1.1806, -1.1796, -0.8859, -0.9032, -0.9180, -0.9519],
       device='cuda:0', grad_fn=<IndexBackward0>)

Bab round 2
batch: 32
split depth step: 2
split depth total: 9
final_ret: tensor([[-0.4069, -0.2020, -0.4204, -0.2846, -0.1343, -0.1127, -0.1895, -0.1496,
         -0.7706, -0.9315, -0.9736, -0.9567, -0.4029, -0.4168, -0.4788, -0.5050,
          0.0211,  0.1741,  0.0940,  0.2275, -0.0258, -0.0119, -0.0090,  0.0140,
         -0.8841, -0.8724, -0.8699, -0.8749, -0.4447, -0.4741, -0.5014, -0.5578,
         -0.3935, -0.1931, -0.3901, -0.2484,  0.2075,  0.4920,  0.4123,  0.4302,
         -0.9979,  0.7211,  0.6769,  0.6984, -0.3333, -0.3387, -0.3760, -0.4040,
         -0.0083,  0.1376,  0.0903,  0.2169,  0.6123,  0.5955,  0.6176,  0.6075,
          0.7662,  0.7787,  0.8040,  0.7937, -0.3816, -0.3988, -0.4149, -0.4456,
         -0.9099, -0.8333, -0.8769, -0.8400, -0.0741, -0.0576, -0.1113, -0.0813,
          0.9472, -0.9059, -0.9375, -0.9117,  0.0381,  0.0370, -0.0637, -0.0871,
         -0.7665, -0.7443, -0.6974, -0.6814,  0.0045,  0.0349,  0.0470,  0.0777,
         -0.8755, -0.8415, -0.8427, -0.8324,  0.0070, -0.0103, -0.0834, -0.1209,
         -0.9176, -0.8169, -0.8603, -0.8054,  0.2388,  0.5745,  0.5275,  0.5478,
          0.7236,  0.7520,  0.7211,  0.7453,  0.0803,  0.0786,  0.0144, -0.0124,
         -0.7610, -0.7179, -0.6802, -0.6455,  0.6593,  0.6634,  0.6900,  0.7015,
          0.7772,  0.7907,  0.8304,  0.8291,  0.0520,  0.0401, -0.0128, -0.0456]],
       device='cuda:0', grad_fn=<MaximumBackward0>)
length of domains: 76
domain remains: tensor([-0.4069, -0.2020, -0.4204, -0.2846, -0.1343, -0.1127, -0.1895, -0.1496,
        -0.7706, -0.9315, -0.9736, -0.9567, -0.4029, -0.4168, -0.4788, -0.5050,
        -0.0258, -0.0119, -0.0090, -0.8841, -0.8724, -0.8699, -0.8749, -0.4447,
        -0.4741, -0.5014, -0.5578, -0.3935, -0.1931, -0.3901, -0.2484, -0.9979,
        -0.3333, -0.3387, -0.3760, -0.4040, -0.0083, -0.3816, -0.3988, -0.4149,
        -0.4456, -0.9099, -0.8333, -0.8769, -0.8400, -0.0741, -0.0576, -0.1113,
        -0.0813, -0.9059, -0.9375, -0.9117, -0.0637, -0.0871, -0.7665, -0.7443,
        -0.6974, -0.6814, -0.8755, -0.8415, -0.8427, -0.8324, -0.0103, -0.0834,
        -0.1209, -0.9176, -0.8169, -0.8603, -0.8054, -0.0124, -0.7610, -0.7179,
        -0.6802, -0.6455, -0.0128, -0.0456], device='cuda:0',
       grad_fn=<IndexBackward0>)

Bab round 3
batch: 76
split depth step: 1
split depth total: 10
final_ret: tensor([[-0.2123,  0.0398, -0.2571, -0.0632,  0.2150,  0.2329,  0.1524,  0.1818,
         -0.5907, -0.5231, -0.5772, -0.5733, -0.3214, -0.3354, -0.3990, -0.4251,
          1.2077,  1.2707,  1.2296, -0.4427, -0.4480, -0.4541, -0.4625, -0.3672,
         -0.3943, -0.4194, -0.4698, -0.2095,  0.0427, -0.2250, -0.0377, -0.7629,
         -0.2499, -0.2592, -0.2978, -0.3216,  0.3027, -0.3012, -0.3184, -0.3327,
         -0.3649, -0.8170, -0.7444, -0.7875, -0.7509,  0.2915,  0.3157,  0.2642,
          0.2850, -0.4468, -0.4934, -0.4850,  0.1353,  0.1099, -0.6755, -0.6506,
         -0.5589, -0.5319, -0.3928, -0.3852, -0.3942, -0.3878,  0.2199,  0.1288,
          0.0888, -0.8241, -0.7259, -0.7689, -0.7159,  0.1671, -0.6703, -0.6255,
         -0.5953, -0.4967,  0.1711,  0.1492,  1.2728,  1.5395,  1.2425,  1.4301,
          0.8919,  0.5993,  0.4966,  0.5128, -0.3102, -0.7263, -0.7675, -0.7463,
          1.3508,  1.3368,  1.2326,  1.1921,  0.3571,  0.3613,  0.3692, -0.6867,
         -0.6681, -0.6675, -0.6691,  1.3001,  1.2548,  1.2137,  1.1602,  1.2570,
          1.5299,  1.2578,  1.4506, -0.7581,  1.4722,  1.4601,  1.4072,  1.3655,
          1.8130,  1.3827,  1.3531,  1.3392,  1.2909,  0.7972,  0.8851,  0.8418,
          0.8973,  0.9892,  0.6580,  0.5819,  0.6030, -0.7038, -0.7342, -0.7071,
          1.7873,  1.7528,  0.9407,  0.9674, -0.0851, -0.0700, -0.6814, -0.6414,
         -0.6411, -0.6289,  1.8911,  1.8151,  1.7555,  0.7946,  0.8918,  0.8707,
          0.9353,  1.8585,  0.9421,  0.9683,  1.0600, -0.0262,  1.8764,  1.8244]],
       device='cuda:0', grad_fn=<MaximumBackward0>)
length of domains: 73
domain remains: tensor([-0.2123, -0.2571, -0.0632, -0.5907, -0.5231, -0.5772, -0.5733, -0.3214,
        -0.3354, -0.3990, -0.4251, -0.4427, -0.4480, -0.4541, -0.4625, -0.3672,
        -0.3943, -0.4194, -0.4698, -0.2095, -0.2250, -0.0377, -0.7629, -0.2499,
        -0.2592, -0.2978, -0.3216, -0.3012, -0.3184, -0.3327, -0.3649, -0.8170,
        -0.7444, -0.7875, -0.7509, -0.4468, -0.4934, -0.4850, -0.6755, -0.6506,
        -0.5589, -0.5319, -0.3928, -0.3852, -0.3942, -0.3878, -0.8241, -0.7259,
        -0.7689, -0.7159, -0.6703, -0.6255, -0.5953, -0.4967, -0.3102, -0.7263,
        -0.7675, -0.7463, -0.6867, -0.6681, -0.6675, -0.6691, -0.7581, -0.7038,
        -0.7342, -0.7071, -0.0851, -0.0700, -0.6814, -0.6414, -0.6411, -0.6289,
        -0.0262], device='cuda:0', grad_fn=<IndexBackward0>)

Bab round 4
batch: 73
split depth step: 1
split depth total: 11
final_ret: tensor([[ 0.2047,  0.0998,  0.3549, -0.3604, -0.3457, -0.4132, -0.4018, -0.1943,
         -0.2090, -0.0234, -0.0413, -0.2546, -0.2585, -0.2677, -0.2759,  0.0563,
          0.0178, -0.0222, -0.0688,  0.2229,  0.1652,  0.4025, -0.6293, -0.1234,
         -0.1346, -0.1756,  0.1368, -0.1774, -0.1958,  0.1297,  0.0943, -0.4109,
         -0.3604, -0.4147, -0.3936, -0.2503, -0.3018, -0.2963, -0.2429, -0.2250,
         -0.4698, -0.4415, -0.1908, -0.1786, -0.1993, -0.1893, -0.3683, -0.3073,
         -0.3566, -0.3161, -0.2003, -0.1780, -0.4592, -0.4082,  0.0051, -0.5886,
         -0.6340, -0.6067, -0.5550, -0.5296, -0.5322, -0.5278, -0.6252, -0.5662,
         -0.6035, -0.5686,  0.2771,  0.2895, -0.5506, -0.5077, -0.5075, -0.4907,
          0.3278,  0.0255, -0.0146,  0.2165, -0.2787, -0.0196, -0.0487, -0.0504,
          0.3395,  0.3109, -0.1928, -0.2194,  0.0088, -0.0118, -0.0064, -0.0246,
         -0.1643, -0.1922, -0.2161, -0.2672,  0.0182,  0.0092,  0.2296,  0.6329,
          0.4389,  0.4218,  0.3684, -0.1203,  0.3660,  0.3337, -0.1308, -0.1640,
         -0.6133, -0.5373, -0.5770, -0.5415, -0.0100, -0.0726,  0.0156, -0.4792,
         -0.4452,  1.1322,  1.1418,  0.0495,  0.0331,  0.0515,  0.0361, -0.6212,
         -0.5231, -0.5621, -0.5085, -0.4764, -0.4265,  0.0340,  1.1590,  0.0195,
          0.6330,  0.5800,  0.5627,  0.7266,  0.7234,  0.7020,  0.6725,  0.6873,
          0.6956,  0.6463,  0.6292,  0.5902,  0.6069,  0.7612,  0.7724,  0.7575,
          0.7309,  0.6280]], device='cuda:0', grad_fn=<MaximumBackward0>)
length of domains: 89
domain remains: tensor([-0.3604, -0.3457, -0.4132, -0.4018, -0.1943, -0.2090, -0.0234, -0.0413,
        -0.2546, -0.2585, -0.2677, -0.2759, -0.0222, -0.0688, -0.6293, -0.1234,
        -0.1346, -0.1756, -0.1774, -0.1958, -0.4109, -0.3604, -0.4147, -0.3936,
        -0.2503, -0.3018, -0.2963, -0.2429, -0.2250, -0.4698, -0.4415, -0.1908,
        -0.1786, -0.1993, -0.1893, -0.3683, -0.3073, -0.3566, -0.3161, -0.2003,
        -0.1780, -0.4592, -0.4082, -0.5886, -0.6340, -0.6067, -0.5550, -0.5296,
        -0.5322, -0.5278, -0.6252, -0.5662, -0.6035, -0.5686, -0.5506, -0.5077,
        -0.5075, -0.4907, -0.0146, -0.2787, -0.0196, -0.0487, -0.0504, -0.1928,
        -0.2194, -0.0118, -0.0064, -0.0246, -0.1643, -0.1922, -0.2161, -0.2672,
        -0.1203, -0.1308, -0.1640, -0.6133, -0.5373, -0.5770, -0.5415, -0.0100,
        -0.0726, -0.4792, -0.4452, -0.6212, -0.5231, -0.5621, -0.5085, -0.4764,
        -0.4265], device='cuda:0', grad_fn=<IndexBackward0>)

Bab round 5
batch: 89
split depth step: 1
split depth total: 12
final_ret: tensor([[-0.1855, -0.1630, -0.2300, -0.2290,  0.2327,  0.2248,  0.1142,  0.0960,
         -0.0905, -0.0936, -0.1062, -0.1165,  0.1148,  0.0681,  0.0503,  0.3699,
          0.3605,  0.2768,  0.3083,  0.2840, -0.2315, -0.1804, -0.2426, -0.2187,
         -0.0589, -0.1188, -0.1023, -0.0470, -0.0192, -0.2694, -0.2432, -0.0109,
         -0.0053, -0.0178, -0.0130, -0.1585, -0.1064, -0.1680, -0.1246,  0.0132,
          0.0385, -0.2562, -0.2040,  0.1981,  0.0182,  0.1152,  0.3098,  0.3932,
          0.3059,  0.3696, -0.4595,  0.2148,  0.0536,  0.1554,  0.3041,  0.3969,
          0.3176,  0.3769,  0.1179, -0.0930,  0.2357,  0.2226,  0.2090, -0.0681,
         -0.0913,  0.1891,  0.2197,  0.1764, -0.0397, -0.0657, -0.0836, -0.1288,
          0.0036, -0.0090, -0.0410, -0.4862, -0.4046, -0.4450, -0.4054,  0.2195,
          0.1182, -0.3517, -0.3141, -0.4949, -0.3917, -0.4295, -0.3732, -0.3517,
         -0.2977,  0.1384,  0.1138,  0.0304,  0.0515,  0.0090, -0.0053,  1.3676,
          1.3117,  0.2073,  0.2085,  0.1778,  0.1785,  1.3734,  1.2892, -0.4499,
          0.0771,  0.0655,  0.0264,  0.0215,  0.0030,  0.1548,  0.1768,  0.1367,
          0.1524,  0.2020,  0.1860,  0.1189,  0.2589,  0.2735, -0.1034, -0.0706,
          0.2513,  0.2630,  0.2352,  0.2468,  0.1981,  0.2227,  0.1960,  0.2199,
          0.2933,  0.3202, -0.1042, -0.0681, -0.4152, -0.4521, -0.4304, -0.3886,
         -0.3714, -0.3642, -0.3635, -0.2194, -0.3910, -0.4193, -0.3902, -0.3821,
         -0.3454, -0.3374, -0.3244,  1.4377,  0.1968,  0.6087,  0.5849,  0.5898,
          0.4353,  0.3834,  0.5912,  0.6225,  0.5840,  0.4816,  0.4363,  1.2686,
          1.1839,  0.5333,  0.5303,  0.4697,  0.8912,  0.8863,  0.8183,  0.8070,
          0.5943,  0.5280,  1.0496,  1.1086,  0.9540,  0.9494,  0.8755,  0.8941,
          1.0758,  1.1141]], device='cuda:0', grad_fn=<MaximumBackward0>)
length of domains: 72
domain remains: tensor([-0.1855, -0.1630, -0.2300, -0.2290, -0.0905, -0.0936, -0.1062, -0.1165,
        -0.2315, -0.1804, -0.2426, -0.2187, -0.0589, -0.1188, -0.1023, -0.0470,
        -0.0192, -0.2694, -0.2432, -0.0109, -0.0053, -0.0178, -0.0130, -0.1585,
        -0.1064, -0.1680, -0.1246, -0.2562, -0.2040, -0.4595, -0.0930, -0.0681,
        -0.0913, -0.0397, -0.0657, -0.0836, -0.1288, -0.0090, -0.0410, -0.4862,
        -0.4046, -0.4450, -0.4054, -0.3517, -0.3141, -0.4949, -0.3917, -0.4295,
        -0.3732, -0.3517, -0.2977, -0.0053, -0.4499, -0.1034, -0.0706, -0.1042,
        -0.0681, -0.4152, -0.4521, -0.4304, -0.3886, -0.3714, -0.3642, -0.3635,
        -0.2194, -0.3910, -0.4193, -0.3902, -0.3821, -0.3454, -0.3374, -0.3244],
       device='cuda:0', grad_fn=<IndexBackward0>)

Bab round 6
batch: 72
split depth step: 1
split depth total: 13
final_ret: tensor([[-0.0485, -0.0193, -0.0874, -0.0822,  0.0497,  0.8519,  0.0371,  0.0280,
         -0.0917, -0.0362, -0.1007, -0.0737,  0.0779,  0.0198,  0.0379,  0.0908,
          0.1458,  0.1296,  0.1777,  0.8360,  0.9083,  0.8219,  0.8694,  0.0348,
          0.0825, -0.0247,  0.0225,  0.1877,  0.2246,  0.0058,  0.0425,  0.0673,
          0.0474,  0.0927,  0.0671,  0.0422, -0.0046,  0.1213,  0.0915, -0.3682,
         -0.2752, -0.3181, -0.2693, -0.2285, -0.1822, -0.3784, -0.2616, -0.3028,
         -0.2401, -0.2301, -0.1705,  0.1285, -0.0578,  0.4867,  0.5061,  0.5019,
          0.5180, -0.0381, -0.0877, -0.0790,  0.0022,  0.0112,  0.0404,  0.0277,
          0.3608,  0.0074, -0.0201, -0.0111,  0.0361,  0.0518,  0.0857,  0.0871,
          1.1165,  1.1215,  1.0182,  1.0150,  1.2295,  0.0696,  1.1666,  1.1371,
          1.2369,  1.2340,  1.1353,  1.1166,  1.2876,  1.1884,  1.1975,  1.4503,
          0.5621, -0.0622, -0.0325,  0.1645,  0.1657,  0.1604,  0.1604,  0.2004,
          0.2606,  1.2598,  1.2718, -0.0509,  0.0034, -0.2619,  1.2451,  1.3915,
          1.3229,  1.5415,  1.4693,  0.5474,  0.4776,  1.5651,  1.4949,  0.1476,
          0.1912,  0.1635,  0.1753,  0.2847,  0.3065,  0.1493,  0.2155,  0.1842,
          0.2182,  0.2882,  0.3276,  1.5623, -0.2527,  0.1343,  0.1691,  0.1152,
          0.1449, -0.2167, -0.2545, -0.2303, -0.1956, -0.1722, -0.1704, -0.1650,
          0.0044, -0.1944, -0.2237, -0.1920, -0.1877, -0.1483, -0.1446, -0.1315]],
       device='cuda:0', grad_fn=<MaximumBackward0>)
length of domains: 47
domain remains: tensor([-0.0485, -0.0193, -0.0874, -0.0822, -0.0917, -0.0362, -0.1007, -0.0737,
        -0.0247, -0.0046, -0.3682, -0.2752, -0.3181, -0.2693, -0.2285, -0.1822,
        -0.3784, -0.2616, -0.3028, -0.2401, -0.2301, -0.1705, -0.0578, -0.0381,
        -0.0877, -0.0790, -0.0201, -0.0111, -0.0622, -0.0325, -0.0509, -0.2619,
        -0.2527, -0.2167, -0.2545, -0.2303, -0.1956, -0.1722, -0.1704, -0.1650,
        -0.1944, -0.2237, -0.1920, -0.1877, -0.1483, -0.1446, -0.1315],
       device='cuda:0', grad_fn=<IndexBackward0>)

Bab round 7
batch: 47
split depth step: 2
split depth total: 15
this instance is verified!!!!


instance 4 is verified with lb tensor([6.2550], device='cuda:0', grad_fn=<SelectBackward0>) and C tensor([[[ 0.,  0.,  0.,  0., -1.,  0.,  0.,  1.,  0.,  0.]]], device='cuda:0')

instance 5 is not verified with lb tensor([-1.4291], device='cuda:0', grad_fn=<SelectBackward0>) and C tensor([[[ 0.,  0.,  0.,  0.,  0., -1.,  0.,  1.,  0.,  0.]]], device='cuda:0')

Bab round 1
batch: 1
split depth step: 7
split depth total: 7
this instance is verified!!!!


instance 6 is verified with lb tensor([7.0575], device='cuda:0', grad_fn=<SelectBackward0>) and C tensor([[[ 0.,  0.,  0.,  0.,  0.,  0., -1.,  1.,  0.,  0.]]], device='cuda:0')

instance 7 is not verified with lb tensor([-2.1346], device='cuda:0', grad_fn=<SelectBackward0>) and C tensor([[[ 0.,  0.,  0.,  0.,  0.,  0.,  0.,  1., -1.,  0.]]], device='cuda:0')

Bab round 1
batch: 1
split depth step: 7
split depth total: 7
final_ret: tensor([[-0.7847,  1.8869,  1.2831,  3.9117,  0.1927,  2.8519,  2.1544,  4.7341,
          0.6950,  3.1903,  2.6063,  4.9990,  1.6867,  4.2163,  3.4499,  5.7408,
         -0.0473,  2.5771,  2.0870,  4.6305,  1.1701,  3.7736,  3.1892,  5.7327,
          1.3380,  3.6364,  3.2338,  5.3934,  2.5453,  4.9179,  4.3039,  6.4410,
         -0.8215,  1.8096,  1.3465,  3.9472,  0.1829,  2.8242,  2.2532,  4.8507,
          0.6765,  3.1749,  2.7418,  5.1186,  1.7111,  4.2159,  3.6326,  5.9459,
         -0.1468,  2.4584,  2.1027,  4.6586,  1.0935,  3.6825,  3.2410,  5.7788,
          1.3098,  3.5516,  3.3332,  5.4664,  2.5289,  4.8431,  4.4443,  6.5692,
          2.4476,  4.8838,  4.2610,  6.5393,  3.4531,  5.8246,  5.0721,  7.0731,
          3.6665,  5.7746,  5.2230,  7.0112,  4.6324,  6.5832,  5.9181,  7.5121,
          3.0911,  5.2286,  4.9355,  6.8904,  4.3047,  6.4985,  5.9682,  7.8104,
          4.0176,  5.8036,  5.5742,  7.1038,  5.2758,  6.9174,  6.5449,  7.8628,
          2.4844,  4.9095,  4.4881,  6.7239,  3.4834,  5.8326,  5.3611,  7.3247,
          3.7270,  5.8061,  5.5664,  7.2830,  4.7364,  6.7250,  6.3806,  7.8747,
          3.1049,  5.1968,  5.1254,  6.9949,  4.3076,  6.4464,  6.1781,  7.9820,
          4.0561,  5.7953,  5.8036,  7.2517,  5.3260,  6.9238,  6.8582,  8.1149]],
       device='cuda:0', grad_fn=<MaximumBackward0>)
length of domains: 4
domain remains: tensor([-0.7847, -0.0473, -0.8215, -0.1468], device='cuda:0',
       grad_fn=<IndexBackward0>)

Bab round 2
batch: 4
split depth step: 5
split depth total: 12
this instance is verified!!!!


instance 8 is not verified with lb tensor([-0.4052], device='cuda:0', grad_fn=<SelectBackward0>) and C tensor([[[ 0.,  0.,  0.,  0.,  0.,  0.,  0.,  1.,  0., -1.]]], device='cuda:0')

Bab round 1
batch: 1
split depth step: 7
split depth total: 7
this instance is verified!!!!


all batches are verified!
